-4.150888164281066565e+03 -4.147218746753003870e+03
-4.178132025165047708e+03 -4.176927262369964410e+03
-4.149016243406233116e+03 -4.144503591961568418e+03
-4.171819018785625303e+03 -4.169734400635449674e+03
-4.182798289342098542e+03 -4.179903531365552226e+03
-4.155191033565391081e+03 -4.153011066829708398e+03
-4.162195374748468566e+03 -4.158980641091735379e+03
-4.207343032173105712e+03 -4.205237884955332447e+03
-4.138774253473937279e+03 -4.134563888961891280e+03
-4.104156955913694219e+03 -4.102415987029348798e+03
-4.223248731871196469e+03 -4.219867405587221583e+03
-4.136363324618592742e+03 -4.130838632308931665e+03
-4.217831852740807335e+03 -4.215670292435557712e+03
-4.110605225611896458e+03 -4.109437879560046895e+03
-4.126824465330011662e+03 -4.124208231509872348e+03
-4.190157943563081972e+03 -4.188131519007811221e+03
-4.186022300117149825e+03 -4.185169949708293643e+03
-4.103154377348857452e+03 -4.101790245585160847e+03
-4.114238972705438755e+03 -4.111104728771008922e+03
-4.203111621187187666e+03 -4.200400758249287719e+03
-4.153562926713892011e+03 -4.150422896675203447e+03
-4.173018066437744892e+03 -4.171856336601646944e+03
-4.136374396431210698e+03 -4.133494242296292214e+03
-4.193752281200440848e+03 -4.190569410110205354e+03
-4.195765468976524971e+03 -4.193516468436902869e+03
-4.154228389370637160e+03 -4.151102363433851679e+03
-4.192240023286070027e+03 -4.190972468792117070e+03
-4.139700660447118935e+03 -4.136192256944236760e+03
-4.147982113260371079e+03 -4.143156502542633461e+03
-4.181994428813232844e+03 -4.177911100235755839e+03
-4.173826053161462369e+03 -4.171417176890642622e+03
-4.201123213129149917e+03 -4.198015677126888477e+03
-4.156772545466619704e+03 -4.154436494282507738e+03
-4.169191698558129247e+03 -4.166218698354402477e+03
-4.157548714020224907e+03 -4.152361248709611573e+03
-4.163644634394197055e+03 -4.159166316433766042e+03
-4.130277243016770626e+03 -4.127106270006823252e+03
-4.148873315895869382e+03 -4.145054647640039548e+03
-4.137447900715029391e+03 -4.136031756116931319e+03
-4.160251101161705265e+03 -4.155662494780559427e+03
-4.174234255650932027e+03 -4.169001398922311637e+03
-4.200368010984866487e+03 -4.198973046605460695e+03
-4.190619087180871247e+03 -4.188041298428072878e+03
-4.197941080209082429e+03 -4.195923025826528828e+03
-4.144812154894433661e+03 -4.140843870177196550e+03
-4.179104320109076980e+03 -4.176359935141702408e+03
-4.184051228469466878e+03 -4.179817209932668447e+03
-4.161508627292922029e+03 -4.157736034538208514e+03
-4.189843596697935936e+03 -4.185170444063461218e+03
-4.146033016489420334e+03 -4.139449798108116738e+03
-4.165281872667723292e+03 -4.161866439035017720e+03
-4.144379798537272109e+03 -4.141238511136687521e+03
-4.185024823682515489e+03 -4.183178434399684193e+03
-4.146152620798580756e+03 -4.143837088047998805e+03
-4.176704711065156516e+03 -4.175668832068424308e+03
-4.185831998242482769e+03 -4.182022272030841123e+03
-4.139564656216777621e+03 -4.136477604114971655e+03
-4.156017352155206027e+03 -4.153720649447731375e+03
-4.143317675606167541e+03 -4.138603346953658729e+03
-4.136352446090562808e+03 -4.133405307340950458e+03
-4.132903930238374414e+03 -4.130251050109616699e+03
-4.149456684619513908e+03 -4.146822820914364456e+03
-4.135950219879950055e+03 -4.128215264673185629e+03
-4.195498527355364786e+03 -4.192506693169955724e+03
-4.172654153860290535e+03 -4.171725094062131575e+03
-4.139706812028857712e+03 -4.135475952066044556e+03
-4.153693128391743812e+03 -4.151844744399721094e+03
-4.188424004866497853e+03 -4.187005996157527989e+03
-4.104398241117429279e+03 -4.098767004249957608e+03
-4.220580150852921179e+03 -4.219523696963421571e+03
-4.187776615226272952e+03 -4.182814913326984424e+03
-4.172290133165201041e+03 -4.168182702218524355e+03
-4.167806562768110780e+03 -4.164372227701120210e+03
-4.196245810406389865e+03 -4.191598093648771282e+03
-4.165021411065826214e+03 -4.163355006395731834e+03
-4.181216630698447261e+03 -4.179157645948860591e+03
-4.181426454931482112e+03 -4.180072854253563492e+03
-4.144225555524527408e+03 -4.142568142299288411e+03
-4.145822535297837931e+03 -4.143831932531113125e+03
-4.117707288001113739e+03 -4.114411030452409250e+03
-4.132156786924492735e+03 -4.129359380193403013e+03
-4.107206993798513395e+03 -4.105427337749893923e+03
-4.241359207406226233e+03 -4.238191691572271338e+03
-4.147537988434831277e+03 -4.145436794222702702e+03
-4.140340733028208888e+03 -4.138143430290621836e+03
-4.140511769951042879e+03 -4.138383749156800150e+03
-4.117665037414575636e+03 -4.115912864428790272e+03
-4.177518159191939048e+03 -4.173737059083317035e+03
-4.173989020673416235e+03 -4.168022110952825642e+03
-4.159895384506819028e+03 -4.156546260891837846e+03
-4.134207328391527881e+03 -4.131258975921148703e+03
-4.192304632795643556e+03 -4.186711618576266119e+03
-4.183013085968273117e+03 -4.180762950645752426e+03
-4.140570289827568558e+03 -4.139170936251456624e+03
-4.161323045222582550e+03 -4.159521996591339303e+03
-4.200181262871229592e+03 -4.196692001968570366e+03
-4.134698324976918229e+03 -4.132588025616856612e+03
-4.118766827650820233e+03 -4.115004516234583207e+03
-4.177241048859047623e+03 -4.175149329730304089e+03
-4.167782186843152886e+03 -4.164817686728457375e+03
