7.338835056125390111e+00
2.409525590166595066e+00
9.025302889329395839e+00
4.169236300351258251e+00
5.789515953092632117e+00
4.359933471365366131e+00
6.429467313466375344e+00
4.210294435546529712e+00
8.420729024091997417e+00
3.481937768690841040e+00
6.762652567949771765e+00
1.104938461932215432e+01
4.323120610499245231e+00
2.334692103699126164e+00
5.232467640278628096e+00
4.052849110541501432e+00
1.704700817712364369e+00
2.728263527393210097e+00
6.268487868859665468e+00
5.421725875799893402e+00
6.280060077377129346e+00
2.323459672195895109e+00
5.760308269836968975e+00
6.365742180470988387e+00
4.498001079244204448e+00
6.252051873570962925e+00
2.535108987905914546e+00
7.016807005764349014e+00
9.651221435475235921e+00
8.166657154954009457e+00
4.817752541639492847e+00
6.215072004522880889e+00
4.672102368223931990e+00
5.946000407453539083e+00
1.037493062122666743e+01
8.956635920862026978e+00
6.341946019894749043e+00
7.637336511659668759e+00
2.832289196196143166e+00
9.177212762291674153e+00
1.046571345724078128e+01
2.789928758811583975e+00
5.155577505596738774e+00
4.036108765107201179e+00
7.936569434474222362e+00
5.488769934749143431e+00
8.468037073596860864e+00
7.545185509427028592e+00
9.346305268949436140e+00
1.316643676260719076e+01
6.830867265411143308e+00
6.282574801169175771e+00
3.692778565662592882e+00
4.631065501163902809e+00
2.071757993464416359e+00
7.619452423283291864e+00
6.174104203611932462e+00
4.593405414949302212e+00
9.428657305017623003e+00
5.894277499224699568e+00
5.305760257515430567e+00
5.267727410298903123e+00
1.546991041352885077e+01
5.983668370818122639e+00
1.858119596317919786e+00
8.461719925626312033e+00
3.696767984045436606e+00
2.836017417939729057e+00
1.126247373494334170e+01
2.112907778999215225e+00
9.923403798577055568e+00
8.214861893353372579e+00
6.868670133981140680e+00
9.295433515237164102e+00
3.332809340188759961e+00
4.117969499173341319e+00
2.707201355837241863e+00
3.314826450477994513e+00
3.981205533449610812e+00
6.592515097408977454e+00
5.594813462179445196e+00
3.559312097238944261e+00
6.335031667909788666e+00
4.202388424257151200e+00
4.394605475174103049e+00
4.256041588485459215e+00
3.504345971570728580e+00
7.562200217244026135e+00
1.193381944118118554e+01
6.698247229962362326e+00
5.896704940758354496e+00
1.118602843875487451e+01
4.500270645041382522e+00
2.798707152223869343e+00
3.602097262486495310e+00
6.978521805318450788e+00
4.220598720123234671e+00
7.524622832474051393e+00
4.183438257487068768e+00
5.929000229391022003e+00
3.664403191508554301e+02
