-2.121094464624527063e+03 -2.120171807360406092e+03
-2.154795697630585892e+03 -2.152906409626526056e+03
-2.101374379603052148e+03 -2.096270094919927942e+03
-2.117242160894860717e+03 -2.115152597172613241e+03
-2.075498354364442093e+03 -2.073625452734999271e+03
-2.136571478829096577e+03 -2.135156286412547161e+03
-2.143670134453735500e+03 -2.141861604240345514e+03
-2.129969268686113537e+03 -2.126260973493644087e+03
-2.146822361969297162e+03 -2.146020766842102603e+03
-2.119053738856558084e+03 -2.117475402079530795e+03
-2.165025903129755534e+03 -2.162055633237258917e+03
-2.125912967625379224e+03 -2.124351373143903857e+03
-2.123790977655623465e+03 -2.122367135393320495e+03
-2.139149607030763036e+03 -2.135772447008209383e+03
-2.121716513665528510e+03 -2.120426657938644894e+03
-2.110899372466029490e+03 -2.106490829031422436e+03
-2.136009441985181184e+03 -2.129885325068620659e+03
-2.133452875564129499e+03 -2.132331740670652835e+03
-2.102835005026481667e+03 -2.100473171246090715e+03
-2.120085394326438291e+03 -2.117573881065482965e+03
-2.129045982838493728e+03 -2.127020194006690872e+03
-2.152722145313720830e+03 -2.149544821597111877e+03
-2.131156246600784471e+03 -2.130090507179797896e+03
-2.119768391597827758e+03 -2.116409469956629891e+03
-2.144706844206512869e+03 -2.144140112648934519e+03
-2.108674635693621894e+03 -2.107783430486547331e+03
-2.119996093897290848e+03 -2.118871887467832039e+03
-2.119169021187538419e+03 -2.117890809238117527e+03
-2.117320830676175774e+03 -2.113840344964486576e+03
-2.142362971464186103e+03 -2.140205784000952917e+03
-2.120889776719332076e+03 -2.119664308848659402e+03
-2.119512462999612126e+03 -2.114298481046579127e+03
-2.112031664821704453e+03 -2.108120257181860325e+03
-2.123145392696493218e+03 -2.118586120744402251e+03
-2.121874795213396283e+03 -2.121475515259508938e+03
-2.129208321673002956e+03 -2.126732781065571544e+03
-2.130567250784062253e+03 -2.129034517290548138e+03
-2.101170696732627221e+03 -2.100170947309675739e+03
-2.110541878288312546e+03 -2.104661235298795873e+03
-2.143922648912936893e+03 -2.141715251755523241e+03
-2.146433444327929465e+03 -2.145713836565682868e+03
-2.123648880492957687e+03 -2.121866309964251741e+03
-2.139358030375487033e+03 -2.137961467246277607e+03
-2.111978101426406283e+03 -2.106288179533550192e+03
-2.108771721143427385e+03 -2.107015870160528721e+03
-2.131347280055231749e+03 -2.129479518179649858e+03
-2.124379013137062884e+03 -2.123149073213331576e+03
-2.105080967996164873e+03 -2.101630765218742454e+03
-2.161450566646050902e+03 -2.160598961332626459e+03
-2.110623416582842765e+03 -2.108124721621056779e+03
-2.115447781196020514e+03 -2.114942169708811889e+03
-2.150961148289427001e+03 -2.147233067918882625e+03
-2.141526406878431771e+03 -2.139144561145380067e+03
-2.080655682319729749e+03 -2.078141457701202398e+03
-2.138852589369685120e+03 -2.137247998503035888e+03
-2.115346860244142590e+03 -2.113464311635141712e+03
-2.135885101882732670e+03 -2.134040722716914388e+03
-2.133939246090123106e+03 -2.128825530299536240e+03
-2.128185938932723730e+03 -2.125679756171452937e+03
-2.158313687867753288e+03 -2.157567527275229168e+03
-2.113340066843115892e+03 -2.110317280970058164e+03
-2.157063423619565128e+03 -2.153765896547208285e+03
-2.142040113464659044e+03 -2.140319952854849362e+03
-2.125767760203063517e+03 -2.124555370963896166e+03
-2.116563300716959930e+03 -2.113663736300854453e+03
-2.130972541638165239e+03 -2.129325176427222686e+03
-2.121167960883181877e+03 -2.118323458157791720e+03
-2.117421274043137146e+03 -2.114379796388407158e+03
-2.148112129353222372e+03 -2.145631366775387505e+03
-2.118709160872421307e+03 -2.117716509812098138e+03
-2.121168357257990010e+03 -2.119817962798055305e+03
-2.116433905393218538e+03 -2.112803162567501204e+03
-2.136806558537168712e+03 -2.132872561587763812e+03
-2.127620388878115591e+03 -2.122960524995230116e+03
-2.095009753980737514e+03 -2.093294557402765349e+03
-2.135833097865144737e+03 -2.133368397825948705e+03
-2.166166214194888198e+03 -2.162297680839323675e+03
-2.120238921111164018e+03 -2.118539598528836905e+03
-2.100696435288590692e+03 -2.098571162675600135e+03
-2.100256553565879585e+03 -2.098129176217118129e+03
-2.113008126438864565e+03 -2.109595567388332711e+03
-2.092407190413617172e+03 -2.091284477289382266e+03
-2.112614798231044006e+03 -2.110792388954619582e+03
-2.115229651552327596e+03 -2.112101815955555594e+03
-2.098352743790120257e+03 -2.097452155453328942e+03
-2.154413969622210971e+03 -2.151828538838471104e+03
-2.122014453511815191e+03 -2.121079051417778828e+03
-2.144361273538037040e+03 -2.141601275194985192e+03
-2.135634074819689886e+03 -2.134813199735265698e+03
-2.138088213917306348e+03 -2.136621071672674589e+03
-2.126047697708941996e+03 -2.124685903193770173e+03
-2.145106651622996196e+03 -2.138496066381952460e+03
-2.100694999257110794e+03 -2.098676769860541754e+03
-2.119393296108163668e+03 -2.116812229795948042e+03
-2.123134947409965207e+03 -2.118194853522175436e+03
-2.126412085665706854e+03 -2.124122361776280741e+03
-2.154895972262548639e+03 -2.153132336657110955e+03
-2.129475136921912963e+03 -2.128206207800875291e+03
-2.120791057593185087e+03 -2.117634429683904273e+03
-2.106601021927747752e+03 -2.102266623409982913e+03
