1.845314528241942753e+00
3.778576008119671314e+00
1.020856936624841182e+01
4.179127444494952215e+00
3.745803258885644027e+00
2.830384833098833042e+00
3.617060426779971749e+00
7.416590384938899660e+00
1.603190254389119218e+00
3.156673554054577835e+00
5.940539784993234207e+00
3.123188962950735004e+00
2.847684524605938350e+00
6.754320045107306214e+00
2.579711453767231433e+00
8.817086869214108447e+00
1.224823383312104852e+01
2.242269786953329458e+00
4.723667560781905195e+00
5.023026521910651354e+00
4.051577663605712587e+00
6.354647433217905927e+00
2.131478841973148519e+00
6.717843282395733695e+00
1.133463115156700951e+00
1.782410414149126154e+00
2.248412858917617996e+00
2.556423898841785558e+00
6.960971423378396139e+00
4.314374926466371107e+00
2.450935741345347196e+00
1.042796390606599743e+01
7.822815279688256851e+00
9.118543904181933613e+00
7.985599077746883268e-01
4.951081214862824709e+00
3.065466987028230506e+00
1.999498845902962785e+00
1.176128597903334594e+01
4.414794314827304333e+00
1.439215524493192788e+00
3.565141057411892689e+00
2.793126258418851648e+00
1.137984378571218258e+01
3.511701965797328739e+00
3.735523751163782435e+00
2.459879847462616453e+00
6.900405554844837752e+00
1.703210626848886022e+00
4.997389923571972759e+00
1.011222974417250953e+00
7.456160741088751820e+00
4.763691466103409766e+00
5.028449237054701371e+00
3.209181733298464678e+00
3.765097218001756119e+00
3.688758331636563526e+00
1.022743158117373241e+01
5.012365522541585960e+00
1.492321185048240295e+00
6.045571746115456335e+00
6.595054144713685673e+00
3.440321219619363546e+00
2.424778478334701504e+00
5.799128832210953988e+00
3.294730421885105898e+00
5.689005450780314277e+00
6.082955309459975979e+00
4.961525155669733067e+00
1.985302120646338153e+00
2.700788919869410165e+00
7.261485651434668398e+00
7.867993898809800157e+00
9.319727765770949190e+00
3.430393155944329919e+00
4.929400078392063733e+00
7.737066711129045871e+00
3.398645164654226392e+00
4.250545225981113617e+00
4.254754697522912466e+00
6.825118101063708309e+00
2.245426248469811981e+00
3.644818552848846593e+00
6.255671193544003472e+00
1.801176673582631338e+00
5.170861567479732912e+00
1.870804188072725083e+00
5.519996686103695538e+00
1.641750168848375324e+00
2.934284489263518481e+00
2.723589030343646300e+00
1.322117048208747292e+01
4.036458793138081091e+00
5.162132624431251315e+00
9.880187775579543086e+00
4.579447778852227202e+00
3.527271210875369434e+00
2.537858242075344606e+00
6.313255818561628985e+00
8.668797035529678396e+00
9.5095e+01