0.000000000000000000e+00 3.830089999999999861e+01 1.950000000000000067e-01 9.000000000000000000e+01
1.717969046562910080e+05 4.173879999999999768e+01 2.275999999999999968e-01 9.000000000000000000e+01
3.443567990586161613e+05 3.849260000000000304e+01 1.912000000000000088e-01 9.000000000000000000e+01
4.306581561818718910e+05 3.619809999999999661e+01 1.680000000000000104e-01 9.000000000000000000e+01
8.618432400226593018e+05 3.145609999999999928e+01 1.194999999999999951e-01 9.000000000000000000e+01
1.720116613429784775e+06 3.131080000000000041e+01 1.988000000000000045e-01 9.000000000000000000e+01
2.495640369611978531e+06 3.065009999999999835e+01 7.059999999999999609e-02 9.000000000000000000e+01
3.018993863041698933e+06 3.521370000000000289e+01 1.348999999999999921e-01 9.000000000000000000e+01
3.104332076163589954e+06 3.807139999999999702e+01 1.622000000000000108e-01 9.000000000000000000e+01
3.188820908175408840e+06 3.621659999999999968e+01 1.497999999999999887e-01 9.000000000000000000e+01
3.271397397109866142e+06 3.472039999999999793e+01 1.348999999999999921e-01 9.000000000000000000e+01
3.616727785938978195e+06 4.041969999999999885e+01 2.000000000000000111e-01 9.000000000000000000e+01
3.702051855383813381e+06 4.116389999999999816e+01 2.146000000000000130e-01 9.000000000000000000e+01
3.880656025913357735e+06 3.391069999999999851e+01 1.539999999999999980e-01 9.000000000000000000e+01
4.831054850904643536e+06 3.774240000000000350e+01 1.685999999999999999e-01 9.000000000000000000e+01
4.924769319377839565e+06 3.856660000000000110e+01 1.705000000000000127e-01 9.000000000000000000e+01
6.893684202262759209e+06 2.996620000000000061e+01 1.360999999999999988e-01 9.000000000000000000e+01
7.158481660817563534e+06 3.254220000000000113e+01 1.039000000000000062e-01 9.000000000000000000e+01
7.514971534077823162e+06 3.540100000000000335e+01 1.393000000000000071e-01 9.000000000000000000e+01
8.022570972503721714e+06 3.237389999999999901e+01 1.034000000000000058e-01 9.000000000000000000e+01
9.150852355201542377e+06 3.033830000000000027e+01 1.044000000000000067e-01 9.000000000000000000e+01
1.216118454050123692e+07 4.070459999999999923e+01 1.915000000000000036e-01 9.000000000000000000e+01
1.224999110881984234e+07 3.940780000000000172e+01 1.869999999999999996e-01 9.000000000000000000e+01
1.345020242689400911e+07 3.564470000000000027e+01 1.393999999999999961e-01 9.000000000000000000e+01
1.353460597342997789e+07 3.755349999999999966e+01 1.579000000000000126e-01 9.000000000000000000e+01
1.405525085282474756e+07 3.932079999999999842e+01 1.895999999999999908e-01 9.000000000000000000e+01
1.509370047936290503e+07 3.676030000000000086e+01 1.529000000000000081e-01 9.000000000000000000e+01
1.716503972831815481e+07 2.859120000000000061e+01 6.629999999999999782e-02 9.000000000000000000e+01
1.751090225471556187e+07 2.700080000000000169e+01 1.034000000000000058e-01 9.000000000000000000e+01
1.776930383233129978e+07 3.204410000000000025e+01 9.629999999999999671e-02 9.000000000000000000e+01
1.837237938338667154e+07 2.907539999999999836e+01 8.550000000000000655e-02 9.000000000000000000e+01
1.845830139265805483e+07 2.826610000000000156e+01 7.470000000000000251e-02 9.000000000000000000e+01
1.906333602912425995e+07 2.394079999999999941e+01 1.443000000000000116e-01 9.000000000000000000e+01
1.923620279902964830e+07 2.342289999999999850e+01 1.572999999999999954e-01 9.000000000000000000e+01
1.932235031232833862e+07 2.351170000000000115e+01 1.877000000000000057e-01 9.000000000000000000e+01
1.958142271680235863e+07 2.369510000000000005e+01 1.625000000000000056e-01 9.000000000000000000e+01
1.983990066338628531e+07 2.435849999999999937e+01 1.907999999999999974e-01 9.000000000000000000e+01
2.009916545474678278e+07 2.327590000000000003e+01 1.595999999999999919e-01 9.000000000000000000e+01
2.036164515552520752e+07 2.386029999999999873e+01 1.401999999999999913e-01 9.000000000000000000e+01
3.153589117057621479e+07 4.753869999999999862e+01 2.351000000000000034e-01 9.000000000000000000e+01
3.162220289569795132e+07 4.316629999999999967e+01 2.121000000000000107e-01 9.000000000000000000e+01
3.205313472386151552e+07 3.754769999999999897e+01 1.751000000000000056e-01 9.000000000000000000e+01
3.213871449407190084e+07 3.599240000000000350e+01 1.812999999999999889e-01 9.000000000000000000e+01
3.239569743552803993e+07 3.442309999999999803e+01 1.514999999999999958e-01 9.000000000000000000e+01
3.248413936993628740e+07 3.260459999999999781e+01 1.305999999999999939e-01 9.000000000000000000e+01
3.308883207842409611e+07 3.909440000000000026e+01 1.706000000000000016e-01 9.000000000000000000e+01
3.317423995586335659e+07 3.767900000000000205e+01 1.648000000000000020e-01 9.000000000000000000e+01
3.326016326977461576e+07 3.629440000000000310e+01 1.524000000000000077e-01 9.000000000000000000e+01
3.343364577792137861e+07 3.923689999999999856e+01 1.743999999999999995e-01 9.000000000000000000e+01
3.351763748158961535e+07 4.197529999999999717e+01 1.988000000000000045e-01 9.000000000000000000e+01
3.360382265664339066e+07 4.136679999999999779e+01 1.913999999999999868e-01 9.000000000000000000e+01
3.377687670720666647e+07 4.428150000000000119e+01 2.131000000000000116e-01 9.000000000000000000e+01
3.403551632545441389e+07 4.186370000000000147e+01 1.958999999999999908e-01 9.000000000000000000e+01
3.429637915393263102e+07 4.286829999999999785e+01 2.018999999999999961e-01 9.000000000000000000e+01
3.472362692064642906e+07 3.816720000000000113e+01 1.980999999999999983e-01 9.000000000000000000e+01
3.489873385249078274e+07 4.182280000000000086e+01 2.187999999999999945e-01 9.000000000000000000e+01
3.498450392736196518e+07 4.168679999999999808e+01 2.048999999999999988e-01 9.000000000000000000e+01
3.515921376480013132e+07 4.367860000000000298e+01 2.237000000000000099e-01 9.000000000000000000e+01
3.550395806785225868e+07 3.889180000000000348e+01 1.831000000000000127e-01 9.000000000000000000e+01
3.593194919424355030e+07 3.648400000000000176e+01 1.476000000000000090e-01 9.000000000000000000e+01
3.636215155583471060e+07 4.106199999999999761e+01 1.889000000000000123e-01 9.000000000000000000e+01
3.670776798913925886e+07 3.949960000000000093e+01 1.748999999999999999e-01 9.000000000000000000e+01
3.696385316543877125e+07 3.941779999999999973e+01 1.973000000000000032e-01 9.000000000000000000e+01
3.756869544096887112e+07 3.231989999999999696e+01 1.305000000000000049e-01 9.000000000000000000e+01
3.800566726847738028e+07 2.903810000000000002e+01 1.034000000000000058e-01 9.000000000000000000e+01
3.809124715970903635e+07 2.955610000000000070e+01 6.060000000000000109e-02 9.000000000000000000e+01
3.818790741888284683e+07 2.953879999999999839e+01 5.269999999999999685e-02 9.000000000000000000e+01
3.843763490305244923e+07 2.904060000000000130e+01 6.329999999999999516e-02 9.000000000000000000e+01
3.852407300544083118e+07 2.862259999999999849e+01 6.479999999999999649e-02 9.000000000000000000e+01
3.869512289568185806e+07 2.860150000000000148e+01 6.710000000000000686e-02 9.000000000000000000e+01
3.894693371713310480e+07 2.988769999999999882e+01 5.120000000000000245e-02 9.000000000000000000e+01
3.921330771648287773e+07 3.444400000000000261e+01 1.255000000000000004e-01 9.000000000000000000e+01
3.938601933792382479e+07 3.423040000000000305e+01 1.298999999999999877e-01 9.000000000000000000e+01
3.946647426624745131e+07 3.451089999999999947e+01 1.353999999999999926e-01 9.000000000000000000e+01
3.954763976545035839e+07 3.472070000000000078e+01 1.612000000000000099e-01 9.000000000000000000e+01
4.025923219585865736e+07 2.567429999999999879e+01 1.300000000000000044e-01 9.000000000000000000e+01
4.085291511650830507e+07 2.521869999999999834e+01 1.224999999999999978e-01 9.000000000000000000e+01
4.102504938722848892e+07 2.610330000000000084e+01 1.123999999999999999e-01 9.000000000000000000e+01
4.128689594016373158e+07 2.817200000000000060e+01 7.900000000000000078e-02 9.000000000000000000e+01
4.161643131170868874e+07 3.180320000000000036e+01 1.205999999999999989e-01 9.000000000000000000e+01
4.170407204161137342e+07 3.135889999999999844e+01 8.930000000000000437e-02 9.000000000000000000e+01
4.188689600546658039e+07 3.060119999999999862e+01 7.330000000000000404e-02 9.000000000000000000e+01
4.223203948511034250e+07 2.686739999999999995e+01 1.461999999999999966e-01 9.000000000000000000e+01
4.319078343554735184e+07 2.883239999999999981e+01 6.950000000000000622e-02 9.000000000000000000e+01
4.326138784799873829e+07 2.837989999999999924e+01 7.299999999999999545e-02 9.000000000000000000e+01
4.344887506175637245e+07 2.976889999999999858e+01 7.240000000000000602e-02 9.000000000000000000e+01
4.362083112386763096e+07 3.034929999999999950e+01 6.779999999999999916e-02 9.000000000000000000e+01
4.368390013442337513e+07 3.056980000000000075e+01 1.034999999999999948e-01 9.000000000000000000e+01
4.377059732448309660e+07 3.031769999999999854e+01 8.999999999999999667e-02 9.000000000000000000e+01
4.387101117983311415e+07 3.006230000000000047e+01 5.260000000000000092e-02 9.000000000000000000e+01
4.411557590113878250e+07 3.265990000000000038e+01 1.165000000000000063e-01 9.000000000000000000e+01
4.439369809727668762e+07 3.205910000000000082e+01 1.212000000000000022e-01 9.000000000000000000e+01
4.447090882658064365e+07 3.187450000000000117e+01 1.083999999999999964e-01 9.000000000000000000e+01
4.465509797953069210e+07 3.340789999999999793e+01 1.322000000000000119e-01 9.000000000000000000e+01
4.472120698273032904e+07 3.320839999999999748e+01 1.703999999999999959e-01 9.000000000000000000e+01
4.498020505729168653e+07 3.528909999999999769e+01 2.142000000000000015e-01 9.000000000000000000e+01
4.517194096512347460e+07 3.583330000000000126e+01 1.706000000000000016e-01 9.000000000000000000e+01
4.550795919649600983e+07 3.331819999999999737e+01 1.280000000000000027e-01 9.000000000000000000e+01
4.576744010879248381e+07 2.992289999999999850e+01 6.840000000000000246e-02 9.000000000000000000e+01
4.603134940129369497e+07 3.065820000000000078e+01 1.001999999999999974e-01 9.000000000000000000e+01
4.619972324159592390e+07 3.035620000000000118e+01 6.969999999999999807e-02 9.000000000000000000e+01
4.645911796128004789e+07 3.195810000000000173e+01 1.032000000000000001e-01 9.000000000000000000e+01
4.662719906114637852e+07 3.246209999999999951e+01 1.008000000000000007e-01 9.000000000000000000e+01
4.688707971168905497e+07 3.864150000000000063e+01 1.771999999999999964e-01 9.000000000000000000e+01
4.767105925439447165e+07 3.523329999999999984e+01 1.618999999999999884e-01 9.000000000000000000e+01
4.784269448738694191e+07 3.578459999999999752e+01 1.778000000000000136e-01 9.000000000000000000e+01
4.792009997089505196e+07 3.365910000000000224e+01 1.166999999999999982e-01 9.000000000000000000e+01
4.844530791936367750e+07 3.236379999999999768e+01 1.016999999999999987e-01 9.000000000000000000e+01
4.887167073408812284e+07 3.269870000000000232e+01 2.192999999999999949e-01 9.000000000000000000e+01
4.904384091264009476e+07 3.198750000000000071e+01 9.610000000000000486e-02 9.000000000000000000e+01
4.930808818463981152e+07 3.109750000000000014e+01 8.870000000000000107e-02 9.000000000000000000e+01
4.973838292513042688e+07 3.235889999999999844e+01 1.411999999999999922e-01 9.000000000000000000e+01
5.034082766114026308e+07 3.177880000000000038e+01 9.229999999999999316e-02 9.000000000000000000e+01
5.068517708160281181e+07 3.038650000000000162e+01 7.069999999999999896e-02 9.000000000000000000e+01
6.203668057631850243e+07 3.750110000000000099e+01 1.656999999999999862e-01 9.000000000000000000e+01
6.212263546945899725e+07 3.641479999999999961e+01 1.550999999999999879e-01 9.000000000000000000e+01
6.238075915009081364e+07 3.829959999999999809e+01 1.781000000000000083e-01 9.000000000000000000e+01
6.272624578466266394e+07 3.872740000000000293e+01 1.872999999999999943e-01 9.000000000000000000e+01
6.298555381920039654e+07 3.901619999999999777e+01 1.952000000000000124e-01 9.000000000000000000e+01
6.350216826815307140e+07 3.591199999999999903e+01 1.456000000000000072e-01 9.000000000000000000e+01
6.384699629281908274e+07 3.261299999999999955e+01 1.034000000000000058e-01 9.000000000000000000e+01
6.453675963362306356e+07 3.248640000000000327e+01 1.110000000000000014e-01 9.000000000000000000e+01
6.548542127423286438e+07 3.366270000000000095e+01 1.612999999999999989e-01 9.000000000000000000e+01
6.583800457153916359e+07 3.442949999999999733e+01 1.383999999999999952e-01 9.000000000000000000e+01
6.609329817695617676e+07 3.265789999999999793e+01 1.032000000000000001e-01 9.000000000000000000e+01
6.626417299488186836e+07 3.245450000000000301e+01 9.940000000000000224e-02 9.000000000000000000e+01
6.651850331809669733e+07 3.035050000000000026e+01 6.060000000000000109e-02 9.000000000000000000e+01
6.660595388161987066e+07 2.981409999999999982e+01 4.279999999999999777e-02 9.000000000000000000e+01
6.772583568959981203e+07 2.910229999999999961e+01 1.064999999999999974e-01 9.000000000000000000e+01
6.807252915073782206e+07 2.883259999999999934e+01 1.095000000000000001e-01 9.000000000000000000e+01
6.842219476320594549e+07 3.023450000000000060e+01 7.530000000000000582e-02 9.000000000000000000e+01
6.868413664992302656e+07 3.384009999999999962e+01 1.223999999999999949e-01 9.000000000000000000e+01
6.885013761792182922e+07 3.625769999999999982e+01 1.491000000000000103e-01 9.000000000000000000e+01
6.918898881888091564e+07 3.641919999999999646e+01 1.509999999999999953e-01 9.000000000000000000e+01
6.936482563202083111e+07 3.293710000000000093e+01 1.077000000000000041e-01 9.000000000000000000e+01
6.962448149569183588e+07 3.127250000000000085e+01 8.709999999999999687e-02 9.000000000000000000e+01
6.987886748639792204e+07 3.448619999999999663e+01 1.305000000000000049e-01 9.000000000000000000e+01
6.997740609889179468e+07 3.305069999999999908e+01 1.233000000000000068e-01 9.000000000000000000e+01
7.005074345568269491e+07 3.258220000000000027e+01 1.300999999999999934e-01 9.000000000000000000e+01
7.015721494464129210e+07 3.217880000000000251e+01 9.660000000000000531e-02 9.000000000000000000e+01
7.022295585794448853e+07 3.251820000000000022e+01 1.335000000000000075e-01 9.000000000000000000e+01
7.039583941536694765e+07 3.749450000000000216e+01 2.152999999999999914e-01 9.000000000000000000e+01
7.057069335071593523e+07 3.469120000000000203e+01 1.557000000000000051e-01 9.000000000000000000e+01
7.091541545758992434e+07 3.350339999999999918e+01 1.257999999999999952e-01 9.000000000000000000e+01
7.109909661313444376e+07 3.598259999999999792e+01 1.416999999999999926e-01 9.000000000000000000e+01
7.127261671391576529e+07 3.373709999999999809e+01 1.145000000000000046e-01 9.000000000000000000e+01
7.144122205439060926e+07 2.962460000000000093e+01 3.799999999999999906e-02 9.000000000000000000e+01
7.162094678975343704e+07 3.363080000000000069e+01 1.164000000000000035e-01 9.000000000000000000e+01
7.195686169535368681e+07 3.996650000000000347e+01 1.773000000000000131e-01 9.000000000000000000e+01
7.263598642272949219e+07 3.992770000000000152e+01 1.864999999999999991e-01 9.000000000000000000e+01
7.280785244738906622e+07 4.121920000000000073e+01 2.034999999999999865e-01 9.000000000000000000e+01
7.299690273216962814e+07 4.221159999999999712e+01 2.232000000000000095e-01 9.000000000000000000e+01
7.342009770815223455e+07 3.908689999999999998e+01 1.801999999999999991e-01 9.000000000000000000e+01
7.359859776671379805e+07 3.769030000000000058e+01 1.630999999999999950e-01 9.000000000000000000e+01
7.367835394368767738e+07 3.584899999999999665e+01 1.396999999999999909e-01 9.000000000000000000e+01
7.394622912576198578e+07 3.414139999999999731e+01 1.199999999999999956e-01 9.000000000000000000e+01
7.411286094336658716e+07 3.496569999999999823e+01 1.320000000000000062e-01 9.000000000000000000e+01
7.445755020962208509e+07 3.953399999999999892e+01 1.738999999999999990e-01 9.000000000000000000e+01
7.478928268990963697e+07 4.156560000000000343e+01 2.104999999999999927e-01 9.000000000000000000e+01
7.488299363327622414e+07 3.926820000000000022e+01 1.756000000000000061e-01 9.000000000000000000e+01
7.515073325378447771e+07 3.466819999999999879e+01 1.406999999999999917e-01 9.000000000000000000e+01
7.532633734849244356e+07 3.071979999999999933e+01 1.134000000000000008e-01 9.000000000000000000e+01
7.575614481023401022e+07 2.938390000000000057e+01 1.062000000000000027e-01 9.000000000000000000e+01
7.619118988319635391e+07 2.762369999999999948e+01 8.609999999999999598e-02 9.000000000000000000e+01
7.627533354721516371e+07 2.678979999999999961e+01 9.819999999999999563e-02 9.000000000000000000e+01
7.661968269984573126e+07 2.612890000000000157e+01 1.060999999999999999e-01 9.000000000000000000e+01
7.712361302399486303e+07 2.412800000000000011e+01 1.343999999999999917e-01 9.000000000000000000e+01
7.731007139521390200e+07 2.355000000000000071e+01 1.414999999999999869e-01 9.000000000000000000e+01
7.755970164482742548e+07 2.432920000000000016e+01 1.365999999999999992e-01 9.000000000000000000e+01
7.799840459137111902e+07 2.559189999999999898e+01 1.718000000000000083e-01 9.000000000000000000e+01
7.825871621378660202e+07 2.649279999999999902e+01 1.300999999999999934e-01 9.000000000000000000e+01
7.842985437890589237e+07 2.614890000000000114e+01 1.170999999999999958e-01 9.000000000000000000e+01
7.860108926017731428e+07 2.565480000000000160e+01 1.202000000000000013e-01 9.000000000000000000e+01
7.886073126530349255e+07 2.568319999999999936e+01 1.150999999999999940e-01 9.000000000000000000e+01
7.912065089089125395e+07 2.655999999999999872e+01 1.063000000000000056e-01 9.000000000000000000e+01
7.937457267168313265e+07 2.759609999999999985e+01 8.559999999999999554e-02 9.000000000000000000e+01
8.023904108929932117e+07 3.346609999999999729e+01 1.351999999999999869e-01 9.000000000000000000e+01
8.067043456991761923e+07 2.990180000000000149e+01 1.126000000000000056e-01 9.000000000000000000e+01
8.092510838497281075e+07 2.967409999999999926e+01 4.259999999999999898e-02 9.000000000000000000e+01
8.144630438400954008e+07 2.850420000000000087e+01 6.550000000000000266e-02 9.000000000000000000e+01
8.187775467264801264e+07 2.935900000000000176e+01 5.530000000000000193e-02 9.000000000000000000e+01
8.230729564225226641e+07 2.809789999999999921e+01 7.799999999999999989e-02 9.000000000000000000e+01
9.340030820449590683e+07 1.966100000000000136e+01 2.217000000000000082e-01 9.000000000000000000e+01
9.348629731201529503e+07 1.992749999999999844e+01 2.146000000000000130e-01 9.000000000000000000e+01
9.374540079457461834e+07 1.991250000000000142e+01 1.897999999999999965e-01 9.000000000000000000e+01
9.452256386111676693e+07 1.996349999999999980e+01 1.729999999999999871e-01 9.000000000000000000e+01
9.503951039714366198e+07 1.704309999999999903e+01 1.975999999999999979e-01 9.000000000000000000e+01
9.529697040481120348e+07 1.844989999999999952e+01 1.849000000000000088e-01 9.000000000000000000e+01
9.581393292481899261e+07 2.053450000000000131e+01 1.827999999999999903e-01 9.000000000000000000e+01
9.615886623650193214e+07 2.201999999999999957e+01 1.741000000000000048e-01 9.000000000000000000e+01
9.642226324608474970e+07 2.088040000000000163e+01 1.736999999999999933e-01 9.000000000000000000e+01
9.711085573727488518e+07 2.456640000000000157e+01 1.272999999999999965e-01 9.000000000000000000e+01
9.848573257824182510e+07 2.212829999999999941e+01 2.111999999999999988e-01 9.000000000000000000e+01
9.865914092066735029e+07 2.016689999999999827e+01 2.076000000000000068e-01 9.000000000000000000e+01
9.935547314976006746e+07 1.986700000000000088e+01 1.743999999999999995e-01 9.000000000000000000e+01
9.969496741727739573e+07 2.297210000000000107e+01 1.439000000000000001e-01 9.000000000000000000e+01
1.003069253289654851e+08 1.927759999999999962e+01 1.779000000000000026e-01 9.000000000000000000e+01
1.003808995055973530e+08 1.857130000000000081e+01 1.817000000000000004e-01 9.000000000000000000e+01
1.007249876352220774e+08 1.864179999999999993e+01 1.953000000000000014e-01 9.000000000000000000e+01
1.008300839385598898e+08 1.890520000000000067e+01 1.812000000000000000e-01 9.000000000000000000e+01
1.008975680496096611e+08 1.965759999999999863e+01 2.064000000000000001e-01 9.000000000000000000e+01
1.011650386377811432e+08 1.899690000000000012e+01 1.945000000000000062e-01 9.000000000000000000e+01
1.015101157622426748e+08 1.991009999999999991e+01 1.801000000000000101e-01 9.000000000000000000e+01
1.016827064236879349e+08 1.958370000000000033e+01 1.797999999999999876e-01 9.000000000000000000e+01
1.018601237261027098e+08 1.824439999999999884e+01 1.875000000000000000e-01 9.000000000000000000e+01
1.022042602137833834e+08 1.963080000000000069e+01 1.761000000000000065e-01 9.000000000000000000e+01
1.024600151865631342e+08 2.037399999999999878e+01 1.690000000000000113e-01 9.000000000000000000e+01
1.027238015145733953e+08 2.038800000000000168e+01 1.690000000000000113e-01 9.000000000000000000e+01
1.030512715286627412e+08 2.050100000000000122e+01 1.799000000000000044e-01 9.000000000000000000e+01
1.031374141517043114e+08 2.041799999999999926e+01 1.799000000000000044e-01 9.000000000000000000e+01
1.035764001532807946e+08 2.390500000000000114e+01 1.749999999999999889e-01 9.000000000000000000e+01
1.039257098668947816e+08 2.324709999999999965e+01 1.590999999999999914e-01 9.000000000000000000e+01
1.041898174387469888e+08 2.245649999999999835e+01 1.509999999999999953e-01 9.000000000000000000e+01
1.045332636940822005e+08 2.310500000000000043e+01 1.451999999999999957e-01 9.000000000000000000e+01
1.050423450998470187e+08 2.148580000000000112e+01 1.668999999999999928e-01 9.000000000000000000e+01
1.055612638454541564e+08 2.166079999999999828e+01 1.660999999999999976e-01 9.000000000000000000e+01
1.056416842483162880e+08 2.183670000000000044e+01 1.595999999999999919e-01 9.000000000000000000e+01
1.062528085209533572e+08 2.108889999999999887e+01 2.101999999999999980e-01 9.000000000000000000e+01
1.064286727660909295e+08 2.153999999999999915e+01 1.734999999999999876e-01 9.000000000000000000e+01
1.066924406131312251e+08 2.278280000000000172e+01 1.517000000000000015e-01 9.000000000000000000e+01
1.068600836563110352e+08 2.410300000000000153e+01 1.323999999999999899e-01 9.000000000000000000e+01
1.072100048486441374e+08 2.372729999999999961e+01 1.409999999999999865e-01 9.000000000000000000e+01
1.074686058374494314e+08 2.386639999999999873e+01 1.368000000000000049e-01 9.000000000000000000e+01
1.077967683388710022e+08 2.104449999999999932e+01 1.660999999999999976e-01 9.000000000000000000e+01
1.081420169587209821e+08 2.104060000000000130e+01 1.731000000000000039e-01 9.000000000000000000e+01
1.084928317603290081e+08 2.145690000000000097e+01 1.751999999999999946e-01 9.000000000000000000e+01
1.088412706396803260e+08 2.086319999999999908e+01 1.971999999999999864e-01 9.000000000000000000e+01
1.091920998182371259e+08 2.117579999999999885e+01 1.713000000000000078e-01 9.000000000000000000e+01
1.095322229827255011e+08 2.175850000000000151e+01 1.542999999999999927e-01 9.000000000000000000e+01
1.100534169945672154e+08 2.086690000000000111e+01 1.628000000000000003e-01 9.000000000000000000e+01
1.108205966880217195e+08 2.214249999999999829e+01 1.648999999999999910e-01 9.000000000000000000e+01
1.109066903740927577e+08 2.279299999999999926e+01 1.746999999999999942e-01 9.000000000000000000e+01
1.112597908790543675e+08 2.286649999999999849e+01 1.632000000000000117e-01 9.000000000000000000e+01
1.117760207356855273e+08 2.175760000000000005e+01 1.580000000000000016e-01 9.000000000000000000e+01
1.121210666956812143e+08 2.072040000000000148e+01 1.703000000000000069e-01 9.000000000000000000e+01
1.123790270544067025e+08 2.170889999999999986e+01 1.784999999999999920e-01 9.000000000000000000e+01
1.125508139539271593e+08 2.077019999999999911e+01 1.658000000000000029e-01 9.000000000000000000e+01
1.126371532751977444e+08 2.070499999999999829e+01 1.665000000000000091e-01 9.000000000000000000e+01
1.129815237773001194e+08 2.051259999999999906e+01 1.719999999999999862e-01 9.000000000000000000e+01
1.137575389593824744e+08 2.254420000000000002e+01 2.378000000000000114e-01 9.000000000000000000e+01
1.138439516169682145e+08 2.469989999999999952e+01 2.681000000000000050e-01 9.000000000000000000e+01
1.140174114796936512e+08 2.272599999999999909e+01 1.618999999999999884e-01 9.000000000000000000e+01
1.264794237993523479e+08 1.847790000000000177e+01 9.489999999999999825e-02 9.000000000000000000e+01
1.265654587161585689e+08 1.830659999999999954e+01 1.131000000000000061e-01 9.000000000000000000e+01
1.266514984713613987e+08 1.811880000000000024e+01 1.146999999999999964e-01 9.000000000000000000e+01
1.267376832230418921e+08 1.735810000000000031e+01 1.554999999999999993e-01 9.000000000000000000e+01
1.268210994595438242e+08 1.763080000000000069e+01 1.120000000000000023e-01 9.000000000000000000e+01
1.276031760595232248e+08 2.025059999999999860e+01 7.030000000000000138e-02 9.000000000000000000e+01
1.277742814617544413e+08 2.034720000000000084e+01 5.249999999999999806e-02 9.000000000000000000e+01
1.277809445779368281e+08 2.419839999999999947e+01 1.325000000000000067e-01 9.000000000000000000e+01
1.278606609590694308e+08 2.015080000000000027e+01 5.510000000000000314e-02 9.000000000000000000e+01
1.282911324220776558e+08 2.129619999999999891e+01 3.420000000000000123e-02 9.000000000000000000e+01
1.283769007689759135e+08 2.211570000000000036e+01 5.480000000000000149e-02 9.000000000000000000e+01
1.284632785382375121e+08 2.082629999999999981e+01 3.599999999999999728e-02 9.000000000000000000e+01
1.285486061846494675e+08 2.212049999999999983e+01 5.739999999999999963e-02 9.000000000000000000e+01
1.286343622108742595e+08 2.143870000000000076e+01 4.019999999999999962e-02 9.000000000000000000e+01
1.287204651504054666e+08 2.137269999999999825e+01 3.629999999999999893e-02 9.000000000000000000e+01
1.308028115260988474e+08 2.770189999999999841e+01 8.490000000000000324e-02 9.000000000000000000e+01
1.310530430246338248e+08 2.427080000000000126e+01 9.410000000000000309e-02 9.000000000000000000e+01
1.310608025654464960e+08 2.932610000000000028e+01 5.859999999999999931e-02 9.000000000000000000e+01
1.316631236371099949e+08 3.063080000000000069e+01 1.156999999999999973e-01 9.000000000000000000e+01
1.318329153878465295e+08 2.442409999999999926e+01 1.140000000000000041e-01 9.000000000000000000e+01
1.320795157795429230e+08 2.203160000000000096e+01 8.089999999999999969e-02 9.000000000000000000e+01
1.326024164333045483e+08 2.162859999999999872e+01 4.220000000000000140e-02 9.000000000000000000e+01
1.327118353286460042e+08 2.594679999999999964e+01 1.111999999999999933e-01 9.000000000000000000e+01
1.327740372028872371e+08 2.155010000000000048e+01 4.229999999999999732e-02 9.000000000000000000e+01
1.327956728256270289e+08 2.613190000000000168e+01 1.076000000000000012e-01 9.000000000000000000e+01
1.328601589862510562e+08 2.204339999999999833e+01 5.410000000000000225e-02 9.000000000000000000e+01
1.328811005231961608e+08 2.692650000000000077e+01 9.859999999999999321e-02 9.000000000000000000e+01
1.329679843459188938e+08 2.715459999999999852e+01 9.740000000000000047e-02 9.000000000000000000e+01
1.330543060329660773e+08 2.833160000000000167e+01 7.389999999999999347e-02 9.000000000000000000e+01
1.331423624505758286e+08 2.776030000000000086e+01 8.169999999999999485e-02 9.000000000000000000e+01
1.333126150588810444e+08 2.744900000000000162e+01 8.469999999999999751e-02 9.000000000000000000e+01
1.333800447379186749e+08 2.343039999999999878e+01 8.039999999999999925e-02 9.000000000000000000e+01
1.333990536105528474e+08 2.806449999999999889e+01 7.920000000000000651e-02 9.000000000000000000e+01
1.335514201401740313e+08 2.338109999999999999e+01 7.950000000000000122e-02 9.000000000000000000e+01
1.336385109340935946e+08 2.350130000000000052e+01 8.089999999999999969e-02 9.000000000000000000e+01
1.337259255638346076e+08 2.378659999999999997e+01 8.649999999999999356e-02 9.000000000000000000e+01
1.338146775532901287e+08 2.553989999999999938e+01 1.151999999999999968e-01 9.000000000000000000e+01
1.340879336928203702e+08 2.763240000000000052e+01 1.039000000000000062e-01 9.000000000000000000e+01
1.341750304396748543e+08 2.809540000000000148e+01 1.116999999999999937e-01 9.000000000000000000e+01
1.345776247612729669e+08 2.324960000000000093e+01 9.800000000000000377e-02 9.000000000000000000e+01
1.349289744566604495e+08 2.689379999999999882e+01 3.796999999999999820e-01 9.000000000000000000e+01
1.350151037481710315e+08 2.333609999999999829e+01 7.760000000000000231e-02 9.000000000000000000e+01
1.350311401929527521e+08 2.816199999999999903e+01 7.639999999999999569e-02 9.000000000000000000e+01
1.351012216089650989e+08 2.310239999999999938e+01 7.799999999999999989e-02 9.000000000000000000e+01
1.351873573199942708e+08 2.426099999999999923e+01 9.370000000000000551e-02 9.000000000000000000e+01
1.352979615974396467e+08 3.003900000000000148e+01 4.760000000000000342e-02 9.000000000000000000e+01
1.353596046019300818e+08 2.540739999999999910e+01 1.050999999999999990e-01 9.000000000000000000e+01
1.355322562704071403e+08 2.550949999999999918e+01 1.084999999999999992e-01 9.000000000000000000e+01
1.356182469936087728e+08 2.677179999999999893e+01 1.200999999999999984e-01 9.000000000000000000e+01
1.360483495027139783e+08 2.426460000000000150e+01 8.999999999999999667e-02 9.000000000000000000e+01
1.361367452217623591e+08 2.312180000000000035e+01 7.409999999999999920e-02 9.000000000000000000e+01
1.362276388425707817e+08 2.237249999999999872e+01 6.180000000000000077e-02 9.000000000000000000e+01
1.365740740022331476e+08 1.953569999999999851e+01 9.420000000000000595e-02 9.000000000000000000e+01
1.368337036780759692e+08 1.970889999999999986e+01 1.370000000000000107e-01 9.000000000000000000e+01
1.369126184140697122e+08 1.900410000000000110e+01 1.093999999999999972e-01 9.000000000000000000e+01
1.371836029507130384e+08 2.421120000000000161e+01 1.405000000000000138e-01 9.000000000000000000e+01
1.372801717036843300e+08 2.428549999999999898e+01 1.340000000000000080e-01 9.000000000000000000e+01
1.373665891997069120e+08 2.338820000000000121e+01 1.411000000000000032e-01 9.000000000000000000e+01
1.375116206198483706e+08 1.971640000000000015e+01 6.410000000000000420e-02 9.000000000000000000e+01
1.375243504848182201e+08 2.392640000000000100e+01 1.363000000000000045e-01 9.000000000000000000e+01
1.380227134176000953e+08 1.857809999999999917e+01 8.350000000000000477e-02 9.000000000000000000e+01
1.382861693606391549e+08 1.902749999999999986e+01 8.050000000000000211e-02 9.000000000000000000e+01
1.383813491817757487e+08 1.866260000000000119e+01 8.219999999999999529e-02 9.000000000000000000e+01
1.385390660832211375e+08 1.965439999999999898e+01 9.660000000000000531e-02 9.000000000000000000e+01
1.386255018700718880e+08 2.107570000000000121e+01 7.439999999999999392e-02 9.000000000000000000e+01
1.387125967852726579e+08 2.096239999999999881e+01 4.050000000000000128e-02 9.000000000000000000e+01
1.388954987164780498e+08 1.950860000000000127e+01 7.639999999999999569e-02 9.000000000000000000e+01
1.392376035254582763e+08 2.110800000000000054e+01 1.068999999999999950e-01 9.000000000000000000e+01
1.393292334556907415e+08 1.950850000000000151e+01 1.043000000000000038e-01 9.000000000000000000e+01
1.394091550886571407e+08 1.961139999999999972e+01 1.145000000000000046e-01 9.000000000000000000e+01
1.395824621184155345e+08 2.005170000000000030e+01 6.110000000000000153e-02 9.000000000000000000e+01
1.400970891600027680e+08 1.971539999999999893e+01 6.479999999999999649e-02 9.000000000000000000e+01
1.403787360614642501e+08 2.456070000000000064e+01 1.260999999999999899e-01 9.000000000000000000e+01
1.407204936979159713e+08 2.528699999999999903e+01 1.176999999999999991e-01 9.000000000000000000e+01
1.411507289260759950e+08 2.614829999999999899e+01 1.335000000000000075e-01 9.000000000000000000e+01
1.412261525404706597e+08 2.083680000000000021e+01 4.900000000000000189e-02 9.000000000000000000e+01
1.420109474918693304e+08 2.418870000000000076e+01 1.333999999999999908e-01 9.000000000000000000e+01
1.423456999027490616e+08 2.504489999999999839e+01 1.059999999999999970e-01 9.000000000000000000e+01
1.424403833904281259e+08 2.636580000000000013e+01 1.166999999999999982e-01 9.000000000000000000e+01
1.425364537363260984e+08 3.227029999999999887e+01 9.529999999999999583e-02 9.000000000000000000e+01
1.427924568412944674e+08 2.779429999999999978e+01 8.140000000000000013e-02 9.000000000000000000e+01
1.430482247740924358e+08 2.682560000000000144e+01 1.009000000000000036e-01 9.000000000000000000e+01
1.432978507036730647e+08 1.995459999999999923e+01 6.149999999999999911e-02 9.000000000000000000e+01
1.435573742025822401e+08 1.718459999999999965e+01 1.034000000000000058e-01 9.000000000000000000e+01
1.436523442358404398e+08 2.173509999999999920e+01 1.600999999999999923e-01 9.000000000000000000e+01
1.442459824358314276e+08 1.734639999999999915e+01 1.628000000000000003e-01 9.000000000000000000e+01
1.445082354057535529e+08 1.516849999999999987e+01 1.424999999999999878e-01 9.000000000000000000e+01
1.446042511555284262e+08 1.952740000000000009e+01 1.812000000000000000e-01 9.000000000000000000e+01
1.450226996352285147e+08 1.712190000000000012e+01 1.242000000000000048e-01 9.000000000000000000e+01
1.451203666703939438e+08 1.978699999999999903e+01 1.723999999999999977e-01 9.000000000000000000e+01
1.455517065139263868e+08 2.178440000000000154e+01 1.685000000000000109e-01 9.000000000000000000e+01
1.456306042291313410e+08 1.627680000000000149e+01 1.137999999999999984e-01 9.000000000000000000e+01
1.457176626057654619e+08 1.515140000000000065e+01 1.255999999999999894e-01 9.000000000000000000e+01
1.458040890787258744e+08 1.485919999999999952e+01 1.260000000000000009e-01 9.000000000000000000e+01
1.458898758892938495e+08 1.460219999999999985e+01 1.292999999999999983e-01 9.000000000000000000e+01
1.459766716617599130e+08 1.405710000000000015e+01 1.481999999999999984e-01 9.000000000000000000e+01
1.463207134723439813e+08 1.374150000000000027e+01 1.443000000000000116e-01 9.000000000000000000e+01
1.464068042467430234e+08 1.345139999999999958e+01 1.468000000000000138e-01 9.000000000000000000e+01
1.464928733261078596e+08 1.355889999999999951e+01 1.421000000000000041e-01 9.000000000000000000e+01
1.466653776307493448e+08 1.351290000000000013e+01 1.521000000000000130e-01 9.000000000000000000e+01
1.468372291488289833e+08 1.263850000000000051e+01 1.802999999999999881e-01 9.000000000000000000e+01
1.470100414608120918e+08 1.287369999999999948e+01 1.922999999999999987e-01 9.000000000000000000e+01
1.563860144505500793e+08 2.070570000000000022e+01 2.718999999999999750e-01 9.000000000000000000e+01
1.564720315344214439e+08 2.166929999999999978e+01 1.784999999999999920e-01 9.000000000000000000e+01
1.566444071808189154e+08 1.979050000000000153e+01 1.773000000000000131e-01 9.000000000000000000e+01
1.572500073657765985e+08 2.059009999999999962e+01 2.199000000000000121e-01 9.000000000000000000e+01
1.573231833532959223e+08 1.695840000000000103e+01 1.449000000000000010e-01 9.000000000000000000e+01
1.574203147084861994e+08 2.162950000000000017e+01 1.781999999999999973e-01 9.000000000000000000e+01
1.583597062080278993e+08 1.805720000000000169e+01 8.970000000000000195e-02 9.000000000000000000e+01
1.587147137856066227e+08 2.121790000000000020e+01 1.623999999999999888e-01 9.000000000000000000e+01
1.592337090124726295e+08 3.181139999999999901e+01 4.399000000000000132e-01 9.000000000000000000e+01
1.593922417113840580e+08 1.820260000000000034e+01 8.820000000000000062e-02 9.000000000000000000e+01
1.595637545241594315e+08 1.846580000000000155e+01 1.444999999999999896e-01 9.000000000000000000e+01
1.600983101837038994e+08 2.169249999999999901e+01 1.708999999999999964e-01 9.000000000000000000e+01
1.607011414819300175e+08 1.761570000000000036e+01 7.530000000000000582e-02 9.000000000000000000e+01
1.607879872368246317e+08 1.685539999999999949e+01 8.279999999999999860e-02 9.000000000000000000e+01
1.608745740335986018e+08 1.795479999999999876e+01 7.259999999999999787e-02 9.000000000000000000e+01
1.609590072585895658e+08 1.850679999999999836e+01 6.579999999999999738e-02 9.000000000000000000e+01
1.610464546598687768e+08 1.777749999999999986e+01 7.489999999999999436e-02 9.000000000000000000e+01
1.611335155248016119e+08 1.870159999999999911e+01 5.990000000000000185e-02 9.000000000000000000e+01
1.613047273804888129e+08 1.895039999999999836e+01 5.720000000000000084e-02 9.000000000000000000e+01
1.614802337827473879e+08 1.931269999999999953e+01 5.220000000000000334e-02 9.000000000000000000e+01
1.615650382771387696e+08 1.940200000000000102e+01 5.319999999999999729e-02 9.000000000000000000e+01
1.616443080220699310e+08 1.931540000000000035e+01 5.190000000000000169e-02 9.000000000000000000e+01
1.619884456934496760e+08 1.843720000000000070e+01 8.219999999999999529e-02 9.000000000000000000e+01
1.621598016297876835e+08 1.744760000000000133e+01 9.729999999999999760e-02 9.000000000000000000e+01
1.623321056764930487e+08 1.846689999999999898e+01 1.193000000000000033e-01 9.000000000000000000e+01
1.624222656144171953e+08 1.931230000000000047e+01 1.112999999999999962e-01 9.000000000000000000e+01
1.625919483974486589e+08 1.711820000000000164e+01 1.218999999999999945e-01 9.000000000000000000e+01
1.628456521478399634e+08 1.711319999999999908e+01 1.066000000000000003e-01 9.000000000000000000e+01
1.631100193085074425e+08 1.789620000000000033e+01 7.099999999999999367e-02 9.000000000000000000e+01
1.635421912876993418e+08 1.669790000000000063e+01 8.530000000000000082e-02 9.000000000000000000e+01
1.637922699792176485e+08 1.662760000000000105e+01 1.076000000000000012e-01 9.000000000000000000e+01
1.640660232124909759e+08 1.668390000000000128e+01 8.530000000000000082e-02 9.000000000000000000e+01
1.643138305343940854e+08 1.787379999999999924e+01 7.309999999999999831e-02 9.000000000000000000e+01
1.645861745405092835e+08 1.737199999999999989e+01 7.969999999999999307e-02 9.000000000000000000e+01
1.647406598918303847e+08 1.817399999999999949e+01 1.212000000000000022e-01 9.000000000000000000e+01
1.651901017881721258e+08 1.865240000000000009e+01 8.400000000000000522e-02 9.000000000000000000e+01
1.654428732998460531e+08 1.812890000000000157e+01 8.129999999999999727e-02 9.000000000000000000e+01
1.662093472953781486e+08 1.977130000000000010e+01 4.760000000000000342e-02 9.000000000000000000e+01
1.679342446454599500e+08 2.833810000000000073e+01 5.485999999999999766e-01 9.000000000000000000e+01
1.680126333091109991e+08 1.967780000000000129e+01 6.550000000000000266e-02 9.000000000000000000e+01
1.681026575731381774e+08 2.017610000000000170e+01 4.655000000000000249e-01 9.000000000000000000e+01
1.682851356431946158e+08 1.906309999999999860e+01 7.879999999999999505e-02 9.000000000000000000e+01
1.683693973900973797e+08 1.860810000000000031e+01 8.340000000000000191e-02 9.000000000000000000e+01
1.684498528454348445e+08 1.870360000000000156e+01 8.980000000000000482e-02 9.000000000000000000e+01
1.701762491836845875e+08 1.671920000000000073e+01 1.323999999999999899e-01 9.000000000000000000e+01
1.702527524957031012e+08 1.665399999999999991e+01 1.078000000000000069e-01 9.000000000000000000e+01
1.705422188909009099e+08 2.023019999999999996e+01 4.100000000000000172e-02 9.000000000000000000e+01
1.706939059881582856e+08 2.026829999999999998e+01 3.690000000000000224e-02 9.000000000000000000e+01
1.707727364409640431e+08 1.899309999999999832e+01 7.580000000000000626e-02 9.000000000000000000e+01
1.708852654079899192e+08 2.155839999999999890e+01 5.899999999999999689e-02 9.000000000000000000e+01
1.710430983619138598e+08 2.063520000000000110e+01 4.769999999999999934e-02 9.000000000000000000e+01
1.711420861766383052e+08 2.098479999999999990e+01 2.989999999999999949e-02 9.000000000000000000e+01
1.712156053363457322e+08 2.156250000000000000e+01 4.760000000000000342e-02 9.000000000000000000e+01
1.712957360399946570e+08 2.232580000000000098e+01 6.650000000000000355e-02 9.000000000000000000e+01
1.713940039008289576e+08 2.268489999999999895e+01 6.069999999999999701e-02 9.000000000000000000e+01
1.714738967193871737e+08 2.229650000000000176e+01 6.099999999999999867e-02 9.000000000000000000e+01
1.715688579744189978e+08 2.045360000000000156e+01 3.080000000000000099e-02 9.000000000000000000e+01
1.716450783350452781e+08 2.039740000000000109e+01 5.650000000000000161e-02 9.000000000000000000e+01
1.717242919027313590e+08 2.001839999999999975e+01 6.230000000000000121e-02 9.000000000000000000e+01
1.720806929567992687e+08 1.980989999999999895e+01 6.469999999999999363e-02 9.000000000000000000e+01
1.723467034886375070e+08 2.059349999999999881e+01 8.519999999999999796e-02 9.000000000000000000e+01
1.725978997814565897e+08 2.009690000000000154e+01 7.069999999999999896e-02 9.000000000000000000e+01
1.726949003702670336e+08 2.089020000000000010e+01 6.210000000000000242e-02 9.000000000000000000e+01
1.728594887069016695e+08 1.890889999999999915e+01 5.990000000000000185e-02 9.000000000000000000e+01
1.730390842915266752e+08 1.715419999999999945e+01 7.969999999999999307e-02 9.000000000000000000e+01
1.731261509971439838e+08 1.810979999999999990e+01 6.880000000000000004e-02 9.000000000000000000e+01
1.732000026240080595e+08 1.693560000000000088e+01 1.062000000000000027e-01 9.000000000000000000e+01
1.732850301168277860e+08 1.701719999999999899e+01 1.062000000000000027e-01 9.000000000000000000e+01
1.734496328736215830e+08 1.676780000000000115e+01 1.136000000000000065e-01 9.000000000000000000e+01
1.735470646847963333e+08 1.564980000000000082e+01 1.207000000000000017e-01 9.000000000000000000e+01
1.738035098899215460e+08 1.739300000000000068e+01 8.119999999999999440e-02 9.000000000000000000e+01
1.738944083750367165e+08 1.607420000000000115e+01 1.170999999999999958e-01 9.000000000000000000e+01
1.740740333097741008e+08 1.670889999999999986e+01 8.400000000000000522e-02 9.000000000000000000e+01
1.742395453660815954e+08 1.687509999999999977e+01 8.260000000000000675e-02 9.000000000000000000e+01
1.744152167318388820e+08 1.651399999999999935e+01 9.020000000000000240e-02 9.000000000000000000e+01
1.747548919296160340e+08 1.560350000000000037e+01 1.079999999999999988e-01 9.000000000000000000e+01
1.748387980800166726e+08 1.589029999999999987e+01 1.554000000000000103e-01 9.000000000000000000e+01
1.749301048655927181e+08 1.579840000000000089e+01 1.210999999999999993e-01 9.000000000000000000e+01
1.751029802496135235e+08 1.750130000000000052e+01 1.000000000000000056e-01 9.000000000000000000e+01
1.751864306313738227e+08 1.607069999999999865e+01 1.393000000000000071e-01 9.000000000000000000e+01
1.754487123638436198e+08 1.735360000000000014e+01 7.820000000000000562e-02 9.000000000000000000e+01
1.755264610281497240e+08 1.629870000000000019e+01 1.122999999999999970e-01 9.000000000000000000e+01
1.757103341126471758e+08 1.800690000000000168e+01 8.669999999999999929e-02 9.000000000000000000e+01
1.757900991542682052e+08 1.710409999999999897e+01 1.054999999999999966e-01 9.000000000000000000e+01
1.758758131036743522e+08 1.692269999999999897e+01 1.064999999999999974e-01 9.000000000000000000e+01
1.760530268736183643e+08 1.843469999999999942e+01 6.610000000000000597e-02 9.000000000000000000e+01
1.762265452982470393e+08 2.037249999999999872e+01 3.099999999999999978e-02 9.000000000000000000e+01
1.763997530976042151e+08 1.923969999999999914e+01 5.569999999999999951e-02 9.000000000000000000e+01
1.765655594755098224e+08 1.846669999999999945e+01 8.890000000000000679e-02 9.000000000000000000e+01
1.766523079180777073e+08 1.848389999999999844e+01 8.719999999999999973e-02 9.000000000000000000e+01
1.768188304483249784e+08 1.930249999999999844e+01 7.810000000000000275e-02 9.000000000000000000e+01
1.770023788243442774e+08 2.053519999999999968e+01 3.760000000000000148e-02 9.000000000000000000e+01
1.771659530582517385e+08 1.940370000000000061e+01 1.030999999999999972e-01 9.000000000000000000e+01
1.773477312278598547e+08 2.023760000000000048e+01 8.300000000000000433e-02 9.000000000000000000e+01
1.775201211388751864e+08 2.024459999999999837e+01 8.540000000000000369e-02 9.000000000000000000e+01
1.777788043027326465e+08 2.071790000000000020e+01 6.560000000000000553e-02 9.000000000000000000e+01
1.779416919331222773e+08 2.056090000000000018e+01 5.870000000000000218e-02 9.000000000000000000e+01
1.780308447494521737e+08 2.017749999999999844e+01 5.979999999999999899e-02 9.000000000000000000e+01
1.782013960166484118e+08 2.079390000000000072e+01 4.619999999999999801e-02 9.000000000000000000e+01
1.782899701948776841e+08 2.081169999999999831e+01 6.439999999999999891e-02 9.000000000000000000e+01
1.783746346953794360e+08 2.056409999999999982e+01 4.610000000000000209e-02 9.000000000000000000e+01
1.785457238976180553e+08 2.088459999999999894e+01 1.102000000000000063e-01 9.000000000000000000e+01
1.889445556857660413e+08 2.343680000000000163e+01 7.929999999999999549e-02 9.000000000000000000e+01
1.896463390377759933e+08 2.582140000000000057e+01 9.690000000000000002e-02 9.000000000000000000e+01
1.903390036473736167e+08 2.330430000000000135e+01 1.045999999999999985e-01 9.000000000000000000e+01
1.906685801971301436e+08 2.254289999999999949e+01 8.569999999999999840e-02 9.000000000000000000e+01
1.913608946188867092e+08 2.523029999999999973e+01 1.044000000000000067e-01 9.000000000000000000e+01
1.914485707209572196e+08 2.487419999999999831e+01 9.929999999999999938e-02 9.000000000000000000e+01
1.915294410777658224e+08 2.523290000000000077e+01 1.028000000000000025e-01 9.000000000000000000e+01
1.916216897097721696e+08 2.576360000000000028e+01 1.368999999999999939e-01 9.000000000000000000e+01
1.927532480025574565e+08 2.497350000000000136e+01 9.650000000000000244e-02 9.000000000000000000e+01
1.931711334739252925e+08 2.339110000000000156e+01 9.479999999999999538e-02 9.000000000000000000e+01
1.936840932979211211e+08 2.381660000000000110e+01 8.390000000000000235e-02 9.000000000000000000e+01
1.937829726460844278e+08 2.466199999999999903e+01 9.619999999999999385e-02 9.000000000000000000e+01
1.938713161622375250e+08 2.667299999999999827e+01 1.188000000000000028e-01 9.000000000000000000e+01
1.940420983420819044e+08 2.773250000000000171e+01 1.113999999999999990e-01 9.000000000000000000e+01
1.943056582502380013e+08 2.684250000000000114e+01 1.164000000000000035e-01 9.000000000000000000e+01
1.949841948009610176e+08 2.394000000000000128e+01 8.609999999999999598e-02 9.000000000000000000e+01
1.951642896998360753e+08 2.406190000000000140e+01 9.089999999999999469e-02 9.000000000000000000e+01
1.985132986444741488e+08 2.611980000000000146e+01 1.125000000000000028e-01 9.000000000000000000e+01
1.986056885750502348e+08 2.561570000000000036e+01 1.088999999999999968e-01 9.000000000000000000e+01
1.993928665507391095e+08 2.538009999999999877e+01 9.189999999999999558e-02 9.000000000000000000e+01
1.994678749612703919e+08 2.482469999999999999e+01 9.900000000000000466e-02 9.000000000000000000e+01
1.996414944220840931e+08 2.680409999999999826e+01 1.168000000000000010e-01 9.000000000000000000e+01
2.000905463347434998e+08 2.777789999999999893e+01 1.223999999999999949e-01 9.000000000000000000e+01
2.004314866531178355e+08 2.549739999999999895e+01 1.401999999999999913e-01 9.000000000000000000e+01
2.006664010214567184e+08 2.447540000000000049e+01 1.526000000000000134e-01 9.000000000000000000e+01
2.016351678211301565e+08 2.630699999999999861e+01 9.850000000000000422e-02 9.000000000000000000e+01
2.017245337084829807e+08 2.595670000000000144e+01 1.126000000000000056e-01 9.000000000000000000e+01
2.018720635142683983e+08 2.469269999999999854e+01 1.025999999999999968e-01 9.000000000000000000e+01
2.019710459289819002e+08 2.377250000000000085e+01 8.369999999999999662e-02 9.000000000000000000e+01
2.027583837273806334e+08 2.609299999999999997e+01 1.262999999999999956e-01 9.000000000000000000e+01
2.039599235836923122e+08 3.161799999999999855e+01 1.368000000000000049e-01 9.000000000000000000e+01
2.041249836902484298e+08 3.144989999999999952e+01 1.602000000000000091e-01 9.000000000000000000e+01
2.042200660608172417e+08 2.957219999999999871e+01 1.552999999999999936e-01 9.000000000000000000e+01
2.043895693478599191e+08 2.875669999999999860e+01 1.673999999999999932e-01 9.000000000000000000e+01
2.044756542038440704e+08 2.727390000000000114e+01 1.257999999999999952e-01 9.000000000000000000e+01
2.046510587404713035e+08 2.260170000000000101e+01 6.700000000000000400e-02 9.000000000000000000e+01
2.050805475676909089e+08 2.079289999999999949e+01 4.669999999999999846e-02 9.000000000000000000e+01
2.054330915011391044e+08 1.991760000000000019e+01 7.030000000000000138e-02 9.000000000000000000e+01
2.056002464534640312e+08 1.915299999999999869e+01 1.401999999999999913e-01 9.000000000000000000e+01
2.061270640771284699e+08 1.788710000000000022e+01 7.370000000000000162e-02 9.000000000000000000e+01
2.063865919651106000e+08 1.842109999999999914e+01 6.610000000000000597e-02 9.000000000000000000e+01
2.066438147875428200e+08 1.960620000000000118e+01 4.719999999999999890e-02 9.000000000000000000e+01
2.069882788608133793e+08 1.924269999999999925e+01 6.270000000000000573e-02 9.000000000000000000e+01
2.072347390944287181e+08 1.704879999999999995e+01 1.011999999999999983e-01 9.000000000000000000e+01
2.073263503449797630e+08 1.693580000000000041e+01 1.045999999999999985e-01 9.000000000000000000e+01
2.074986655977800488e+08 1.665749999999999886e+01 1.102000000000000063e-01 9.000000000000000000e+01
2.077640524685069919e+08 1.758170000000000144e+01 8.599999999999999312e-02 9.000000000000000000e+01
2.079298203724712133e+08 1.590939999999999976e+01 1.514000000000000068e-01 9.000000000000000000e+01
2.080997976067319512e+08 1.576420000000000066e+01 1.444999999999999896e-01 9.000000000000000000e+01
2.083672553990364075e+08 1.660579999999999856e+01 9.160000000000000087e-02 9.000000000000000000e+01
2.085395194252789021e+08 1.655559999999999832e+01 1.108999999999999986e-01 9.000000000000000000e+01
2.086187287766531110e+08 1.650910000000000011e+01 1.107999999999999957e-01 9.000000000000000000e+01
2.089615687891289592e+08 1.602489999999999881e+01 1.140000000000000041e-01 9.000000000000000000e+01
2.091356780515104532e+08 1.591719999999999935e+01 1.183000000000000024e-01 9.000000000000000000e+01
2.095654987670525908e+08 1.787180000000000035e+01 1.063999999999999946e-01 9.000000000000000000e+01
2.097384438326507807e+08 1.909570000000000078e+01 1.058000000000000052e-01 9.000000000000000000e+01
2.190129738221079111e+08 1.858800000000000097e+01 1.877000000000000057e-01 9.000000000000000000e+01
2.191979306044891477e+08 1.942470000000000141e+01 7.280000000000000360e-02 9.000000000000000000e+01
2.195315998271986842e+08 1.998570000000000135e+01 1.248999999999999971e-01 9.000000000000000000e+01
2.197029914035364985e+08 1.899239999999999995e+01 8.050000000000000211e-02 9.000000000000000000e+01
2.199616846156999469e+08 1.945769999999999911e+01 8.039999999999999925e-02 9.000000000000000000e+01
2.201338031356707215e+08 2.037790000000000035e+01 5.569999999999999951e-02 9.000000000000000000e+01
2.202202208304047585e+08 2.132880000000000109e+01 6.640000000000000069e-02 9.000000000000000000e+01
2.204932884797081351e+08 2.187140000000000128e+01 5.480000000000000149e-02 9.000000000000000000e+01
2.220432254150345922e+08 2.298920000000000030e+01 6.569999999999999452e-02 9.000000000000000000e+01
2.226463534368172288e+08 2.462940000000000040e+01 8.659999999999999643e-02 9.000000000000000000e+01
2.228050230364948511e+08 2.851670000000000016e+01 1.401000000000000023e-01 9.000000000000000000e+01
2.230674929567992687e+08 2.766730000000000089e+01 1.330999999999999961e-01 9.000000000000000000e+01
2.233353564835354686e+08 2.521270000000000167e+01 1.193000000000000033e-01 9.000000000000000000e+01
2.237642530473813415e+08 2.024159999999999826e+01 9.439999999999999780e-02 9.000000000000000000e+01
2.239409897683337331e+08 2.079650000000000176e+01 6.300000000000000044e-02 9.000000000000000000e+01
2.242878576451420784e+08 1.839809999999999945e+01 7.520000000000000295e-02 9.000000000000000000e+01
2.246264668655991554e+08 1.600369999999999848e+01 9.110000000000000042e-02 9.000000000000000000e+01
2.250590464454367757e+08 1.515029999999999966e+01 9.929999999999999938e-02 9.000000000000000000e+01
2.252311317792266607e+08 1.485689999999999955e+01 1.320999999999999952e-01 9.000000000000000000e+01
2.255743095983996987e+08 1.614280000000000115e+01 9.900000000000000466e-02 9.000000000000000000e+01
2.257461352310433984e+08 1.622210000000000107e+01 1.123999999999999999e-01 9.000000000000000000e+01
2.260911785385891795e+08 1.493149999999999977e+01 1.844000000000000083e-01 9.000000000000000000e+01
2.261686285699144006e+08 1.598349999999999937e+01 1.579000000000000126e-01 9.000000000000000000e+01
2.266065181209504604e+08 1.671709999999999852e+01 1.205999999999999989e-01 9.000000000000000000e+01
2.267951346432074904e+08 1.572349999999999959e+01 9.500000000000000111e-02 9.000000000000000000e+01
2.269544098118394613e+08 1.731569999999999965e+01 7.689999999999999614e-02 9.000000000000000000e+01
2.270459115936219692e+08 1.966910000000000025e+01 3.178000000000000269e-01 9.000000000000000000e+01
2.274052138905733824e+08 1.752590000000000003e+01 7.520000000000000295e-02 9.000000000000000000e+01
2.275522902345657349e+08 1.767699999999999960e+01 9.950000000000000511e-02 9.000000000000000000e+01
2.276437273459285498e+08 1.801879999999999882e+01 9.629999999999999671e-02 9.000000000000000000e+01
2.280842546630635858e+08 2.015510000000000090e+01 4.619999999999999801e-02 9.000000000000000000e+01
2.282376883795335889e+08 1.913190000000000168e+01 9.260000000000000175e-02 9.000000000000000000e+01
2.286851474217742682e+08 1.744359999999999999e+01 9.479999999999999538e-02 9.000000000000000000e+01
2.294647533791899681e+08 1.710210000000000008e+01 8.480000000000000038e-02 9.000000000000000000e+01
2.298040749936103821e+08 1.774309999999999832e+01 7.280000000000000360e-02 9.000000000000000000e+01
2.299636608307242393e+08 1.724650000000000105e+01 1.015999999999999959e-01 9.000000000000000000e+01
2.303131015872001648e+08 2.022250000000000014e+01 4.320000000000000229e-02 9.000000000000000000e+01
2.306638092355370522e+08 1.980979999999999919e+01 1.209999999999999964e-01 9.000000000000000000e+01
2.309266539072185755e+08 1.866760000000000019e+01 7.810000000000000275e-02 9.000000000000000000e+01
2.310149306275159121e+08 1.818629999999999924e+01 2.562999999999999723e-01 9.000000000000000000e+01
2.310832599552243948e+08 1.791829999999999856e+01 1.325000000000000067e-01 9.000000000000000000e+01
2.314359266025513411e+08 1.769160000000000110e+01 1.171999999999999986e-01 9.000000000000000000e+01
2.316817997740924358e+08 1.761499999999999844e+01 9.779999999999999805e-02 9.000000000000000000e+01
2.317963568428918719e+08 1.805630000000000024e+01 9.619999999999999385e-02 9.000000000000000000e+01
2.332483497446358204e+08 2.141590000000000060e+01 6.429999999999999605e-02 9.000000000000000000e+01
2.334164670892864466e+08 2.197009999999999863e+01 1.054999999999999966e-01 9.000000000000000000e+01
2.338519614422500134e+08 2.215060000000000073e+01 8.429999999999999993e-02 9.000000000000000000e+01
2.340343022227272391e+08 2.229769999999999897e+01 5.990000000000000185e-02 9.000000000000000000e+01
2.341088710214406252e+08 2.279830000000000112e+01 7.539999999999999480e-02 9.000000000000000000e+01
2.342143821312189102e+08 2.455620000000000047e+01 8.659999999999999643e-02 9.000000000000000000e+01
2.343684884716808796e+08 2.266339999999999932e+01 6.750000000000000444e-02 9.000000000000000000e+01
2.345385850156947970e+08 2.233869999999999933e+01 6.339999999999999802e-02 9.000000000000000000e+01
2.347253922269046307e+08 2.426330000000000098e+01 8.039999999999999925e-02 9.000000000000000000e+01
2.348112934224084020e+08 2.266410000000000124e+01 6.460000000000000464e-02 9.000000000000000000e+01
2.348968943347290158e+08 2.255330000000000013e+01 6.279999999999999472e-02 9.000000000000000000e+01
2.351625042211443186e+08 2.183869999999999933e+01 4.680000000000000132e-02 9.000000000000000000e+01
2.353327008336156607e+08 2.159009999999999962e+01 4.780000000000000221e-02 9.000000000000000000e+01
2.354116879555374384e+08 1.983520000000000039e+01 6.279999999999999472e-02 9.000000000000000000e+01
2.357532495158448815e+08 2.063540000000000063e+01 4.379999999999999866e-02 9.000000000000000000e+01
2.363723979638680816e+08 2.134840000000000160e+01 1.141999999999999960e-01 9.000000000000000000e+01
2.364573304425582290e+08 2.100529999999999831e+01 8.329999999999999905e-02 9.000000000000000000e+01
2.374801504387244582e+08 2.012290000000000134e+01 6.750000000000000444e-02 9.000000000000000000e+01
2.376622481155112386e+08 1.903780000000000072e+01 5.779999999999999721e-02 9.000000000000000000e+01
2.378270790028721094e+08 1.790569999999999951e+01 1.001999999999999974e-01 9.000000000000000000e+01
2.381715958233520389e+08 2.102840000000000131e+01 6.869999999999999718e-02 9.000000000000000000e+01
2.384335214323461056e+08 1.998710000000000164e+01 6.379999999999999560e-02 9.000000000000000000e+01
2.385971255779400468e+08 1.997400000000000020e+01 2.429999999999999938e-01 9.000000000000000000e+01
2.387754307612761855e+08 1.869150000000000134e+01 1.458000000000000129e-01 9.000000000000000000e+01
2.389482971856191754e+08 2.070530000000000115e+01 4.373000000000000220e-01 9.000000000000000000e+01
2.390411707056060433e+08 2.006599999999999895e+01 5.500000000000000028e-02 9.000000000000000000e+01
2.392066074902638793e+08 2.070410000000000039e+01 5.940000000000000141e-02 9.000000000000000000e+01
2.394720165312185884e+08 1.922810000000000130e+01 5.380000000000000060e-02 9.000000000000000000e+01
2.396362699987381697e+08 2.101129999999999853e+01 1.044000000000000067e-01 9.000000000000000000e+01
2.397296277475208044e+08 2.191250000000000142e+01 4.909999999999999781e-02 9.000000000000000000e+01
2.399892254985719919e+08 2.170629999999999882e+01 4.859999999999999737e-02 9.000000000000000000e+01
2.401541439609557390e+08 1.991189999999999927e+01 6.460000000000000464e-02 9.000000000000000000e+01
2.403266961225494742e+08 2.014499999999999957e+01 5.820000000000000173e-02 9.000000000000000000e+01
2.404121757033616304e+08 2.050250000000000128e+01 1.665999999999999981e-01 9.000000000000000000e+01
2.408507982720270753e+08 1.985719999999999885e+01 9.460000000000000353e-02 9.000000000000000000e+01
2.410148479046434164e+08 2.014239999999999853e+01 8.269999999999999574e-02 9.000000000000000000e+01
2.411894195107251406e+08 1.971000000000000085e+01 1.532999999999999918e-01 9.000000000000000000e+01
2.414479789756760001e+08 2.046010000000000062e+01 3.679999999999999938e-01 9.000000000000000000e+01
2.421361067212879658e+08 2.258190000000000097e+01 4.354999999999999982e-01 9.000000000000000000e+01
2.505493453161701560e+08 2.509029999999999916e+01 5.111999999999999877e-01 9.000000000000000000e+01
2.508086931465893984e+08 2.730000000000000071e+01 2.348999999999999977e-01 9.000000000000000000e+01
2.508200024140745401e+08 2.774210000000000065e+01 1.135000000000000037e-01 9.000000000000000000e+01
2.510797147229030728e+08 2.730799999999999983e+01 1.203999999999999931e-01 9.000000000000000000e+01
2.519291099692896008e+08 1.890559999999999974e+01 1.630999999999999950e-01 9.000000000000000000e+01
2.523618589708998799e+08 1.755750000000000099e+01 1.277999999999999969e-01 9.000000000000000000e+01
2.526305469782575965e+08 1.758759999999999835e+01 7.920000000000000651e-02 9.000000000000000000e+01
2.528881050153672695e+08 1.728900000000000148e+01 8.019999999999999352e-02 9.000000000000000000e+01
2.530617439420983195e+08 1.749579999999999913e+01 7.710000000000000187e-02 9.000000000000000000e+01
2.534065858771294355e+08 1.745100000000000051e+01 7.549999999999999767e-02 9.000000000000000000e+01
2.535783716966316104e+08 1.926060000000000016e+01 6.600000000000000311e-02 9.000000000000000000e+01
2.540966654332771897e+08 2.086159999999999926e+01 1.076000000000000012e-01 9.000000000000000000e+01
2.544282632246553898e+08 2.253430000000000177e+01 2.898999999999999910e-01 9.000000000000000000e+01
2.547008318707108498e+08 2.150850000000000151e+01 8.200000000000000344e-02 9.000000000000000000e+01
2.583186366499230266e+08 2.947550000000000026e+01 1.233000000000000068e-01 9.000000000000000000e+01
2.584907887017577887e+08 2.987219999999999942e+01 1.270999999999999908e-01 9.000000000000000000e+01
2.586792478118330240e+08 3.221020000000000039e+01 1.411999999999999922e-01 9.000000000000000000e+01
2.590055299123495817e+08 2.775540000000000163e+01 1.332000000000000128e-01 9.000000000000000000e+01
2.591718488841757178e+08 2.592109999999999914e+01 3.351999999999999980e-01 9.000000000000000000e+01
2.592582985468715429e+08 2.367719999999999914e+01 1.295999999999999930e-01 9.000000000000000000e+01
2.597049492652729154e+08 2.307329999999999970e+01 7.359999999999999876e-02 9.000000000000000000e+01
2.599717108377769589e+08 2.182860000000000156e+01 5.569999999999999951e-02 9.000000000000000000e+01
2.602120153392210603e+08 2.354179999999999851e+01 7.230000000000000315e-02 9.000000000000000000e+01
2.603019786566466093e+08 2.254110000000000014e+01 6.829999999999999960e-02 9.000000000000000000e+01
2.604754277366504073e+08 2.332039999999999935e+01 6.790000000000000202e-02 9.000000000000000000e+01
2.609961883574411273e+08 2.355039999999999978e+01 7.359999999999999876e-02 9.000000000000000000e+01
2.610758159971117973e+08 2.380280000000000129e+01 8.200000000000000344e-02 9.000000000000000000e+01
2.612358811382442713e+08 2.421559999999999846e+01 1.238999999999999962e-01 9.000000000000000000e+01
2.613413888179466128e+08 2.544470000000000098e+01 9.329999999999999405e-02 9.000000000000000000e+01
2.614397341968074441e+08 2.345410000000000039e+01 7.389999999999999347e-02 9.000000000000000000e+01
2.615969039529606700e+08 2.407669999999999888e+01 1.059999999999999970e-01 9.000000000000000000e+01
2.616823976342394948e+08 2.429410000000000025e+01 1.381999999999999895e-01 9.000000000000000000e+01
2.617689042259365320e+08 2.310360000000000014e+01 1.257999999999999952e-01 9.000000000000000000e+01
2.620306190707147121e+08 2.337689999999999912e+01 1.267999999999999960e-01 9.000000000000000000e+01
2.621173371264025569e+08 2.285709999999999908e+01 1.092999999999999944e-01 9.000000000000000000e+01
2.623044845808282495e+08 2.431810000000000116e+01 8.740000000000000546e-02 9.000000000000000000e+01
2.624553318528279662e+08 2.424769999999999825e+01 8.690000000000000502e-02 9.000000000000000000e+01
2.628850688553661108e+08 2.792800000000000082e+01 1.123999999999999999e-01 9.000000000000000000e+01
2.630563095168113708e+08 2.714239999999999853e+01 1.072000000000000036e-01 9.000000000000000000e+01
2.633274264096066356e+08 2.664280000000000115e+01 1.013000000000000012e-01 9.000000000000000000e+01
2.634142126953810453e+08 2.794999999999999929e+01 1.320999999999999952e-01 9.000000000000000000e+01
2.634970912819325924e+08 2.679889999999999972e+01 1.260000000000000009e-01 9.000000000000000000e+01
2.635925591519996524e+08 2.924709999999999965e+01 1.456999999999999962e-01 9.000000000000000000e+01
2.638346901580810547e+08 3.242660000000000053e+01 1.466999999999999971e-01 9.000000000000000000e+01
2.639355490598604083e+08 3.624830000000000041e+01 1.950000000000000067e-01 9.000000000000000000e+01
2.640209371343895793e+08 3.580129999999999768e+01 1.958999999999999908e-01 9.000000000000000000e+01
2.641070479708805680e+08 3.426680000000000348e+01 1.935000000000000053e-01 9.000000000000000000e+01
2.644511621846526861e+08 3.406750000000000256e+01 1.975999999999999979e-01 9.000000000000000000e+01
2.645375409993723035e+08 3.421430000000000149e+01 1.680000000000000104e-01 9.000000000000000000e+01
2.648021531385540962e+08 2.976020000000000110e+01 1.305000000000000049e-01 9.000000000000000000e+01
2.648022614496141672e+08 3.076289999999999836e+01 1.396000000000000019e-01 9.000000000000000000e+01
2.649656090822562575e+08 2.623219999999999885e+01 1.214999999999999969e-01 9.000000000000000000e+01
2.652202079193636775e+08 2.421549999999999869e+01 7.789999999999999702e-02 9.000000000000000000e+01
2.652234781334504485e+08 2.505120000000000147e+01 8.840000000000000635e-02 9.000000000000000000e+01
2.655666013651102781e+08 2.366169999999999973e+01 7.530000000000000582e-02 9.000000000000000000e+01
2.658305961590588093e+08 2.270889999999999986e+01 6.389999999999999847e-02 9.000000000000000000e+01
2.659182898694425821e+08 2.164089999999999847e+01 5.349999999999999895e-02 9.000000000000000000e+01
2.660922816278547049e+08 2.126340000000000074e+01 7.929999999999999549e-02 9.000000000000000000e+01
2.661760542038440704e+08 2.087780000000000058e+01 5.179999999999999882e-02 9.000000000000000000e+01
2.665260971942692995e+08 2.091199999999999903e+01 7.180000000000000271e-02 9.000000000000000000e+01
2.668630506192013621e+08 2.065980000000000061e+01 5.310000000000000137e-02 9.000000000000000000e+01
2.671232242867425084e+08 2.103869999999999862e+01 1.078000000000000069e-01 9.000000000000000000e+01
2.673892906416133046e+08 2.283490000000000109e+01 6.619999999999999496e-02 9.000000000000000000e+01
2.675549323584124446e+08 2.253140000000000143e+01 7.099999999999999367e-02 9.000000000000000000e+01
2.677167162547364831e+08 2.340749999999999886e+01 8.200000000000000344e-02 9.000000000000000000e+01
2.678139992419347167e+08 2.379579999999999984e+01 9.210000000000000131e-02 9.000000000000000000e+01
2.679734600582420826e+08 2.402110000000000056e+01 1.325999999999999956e-01 9.000000000000000000e+01
2.682410806972995400e+08 3.525900000000000034e+01 3.508999999999999897e-01 9.000000000000000000e+01
2.686832581593766809e+08 3.239390000000000214e+01 4.788000000000000034e-01 9.000000000000000000e+01
2.688324277421057224e+08 2.361670000000000158e+01 1.068000000000000060e-01 9.000000000000000000e+01
2.688325389129772782e+08 2.334339999999999904e+01 1.489000000000000046e-01 9.000000000000000000e+01
2.688326500838488340e+08 2.385340000000000060e+01 1.590999999999999914e-01 9.000000000000000000e+01
2.691890069270521402e+08 2.543410000000000082e+01 1.368000000000000049e-01 9.000000000000000000e+01
2.691892264435440302e+08 2.540299999999999869e+01 1.749999999999999889e-01 9.000000000000000000e+01
2.692754353094369173e+08 2.242429999999999879e+01 1.077000000000000041e-01 9.000000000000000000e+01
2.694414597436934710e+08 2.125179999999999936e+01 1.097999999999999948e-01 9.000000000000000000e+01
2.695353286867260933e+08 2.095899999999999963e+01 1.108999999999999986e-01 9.000000000000000000e+01
2.697041480313509703e+08 2.079380000000000095e+01 6.850000000000000533e-02 9.000000000000000000e+01
2.698809316502586007e+08 2.029230000000000089e+01 6.239999999999999714e-02 9.000000000000000000e+01
2.700549369475230575e+08 2.204220000000000113e+01 7.729999999999999372e-02 9.000000000000000000e+01
2.703185395804926753e+08 2.285089999999999932e+01 6.500000000000000222e-02 9.000000000000000000e+01
2.709206357097834349e+08 2.664859999999999829e+01 1.023000000000000020e-01 9.000000000000000000e+01
2.711735563392162323e+08 2.733370000000000033e+01 1.343999999999999917e-01 9.000000000000000000e+01
2.715239232259333134e+08 2.684110000000000085e+01 1.146999999999999964e-01 9.000000000000000000e+01
2.717743004726618528e+08 2.384450000000000003e+01 1.426000000000000045e-01 9.000000000000000000e+01
2.717744056300878525e+08 2.287359999999999971e+01 2.854999999999999760e-01 9.000000000000000000e+01
2.718624010147154331e+08 2.580059999999999931e+01 1.509999999999999953e-01 9.000000000000000000e+01
2.722058224732831120e+08 2.590299999999999869e+01 1.184000000000000052e-01 9.000000000000000000e+01
2.722059286329567432e+08 2.610510000000000019e+01 1.454999999999999905e-01 9.000000000000000000e+01
2.723799379046514630e+08 2.575799999999999912e+01 1.164000000000000035e-01 9.000000000000000000e+01
2.725518431116774678e+08 2.688260000000000005e+01 1.252999999999999947e-01 9.000000000000000000e+01
2.727233254166319966e+08 2.887030000000000030e+01 1.501000000000000112e-01 9.000000000000000000e+01
2.734134873120233417e+08 2.839229999999999876e+01 1.791000000000000092e-01 9.000000000000000000e+01
2.735860375468924642e+08 3.075629999999999953e+01 2.046999999999999931e-01 9.000000000000000000e+01
2.827004202115148306e+08 2.412089999999999890e+01 1.112999999999999962e-01 9.000000000000000000e+01
2.828742340982303023e+08 2.307219999999999871e+01 9.629999999999999671e-02 9.000000000000000000e+01
2.833785908323377371e+08 2.417109999999999914e+01 1.236000000000000015e-01 9.000000000000000000e+01
2.848565177481517196e+08 2.597749999999999915e+01 1.343000000000000027e-01 9.000000000000000000e+01
2.848567362623959780e+08 2.516150000000000020e+01 2.523000000000000242e-01 9.000000000000000000e+01
2.861479220803409815e+08 2.886270000000000024e+01 1.187000000000000000e-01 9.000000000000000000e+01
2.867501480860948563e+08 2.692299999999999827e+01 1.050999999999999990e-01 9.000000000000000000e+01
2.872791736704245210e+08 2.310229999999999961e+01 1.973999999999999921e-01 9.000000000000000000e+01
2.873515328496202826e+08 2.341580000000000084e+01 1.322000000000000119e-01 9.000000000000000000e+01
2.906330327481597662e+08 2.954210000000000136e+01 1.244999999999999996e-01 9.000000000000000000e+01
2.907939721708908677e+08 3.247079999999999700e+01 1.766999999999999960e-01 9.000000000000000000e+01
2.913190962508946657e+08 3.412539999999999907e+01 1.531000000000000139e-01 9.000000000000000000e+01
2.913193145750373602e+08 3.503840000000000288e+01 1.648000000000000020e-01 9.000000000000000000e+01
2.914928636976286769e+08 3.230369999999999919e+01 1.444000000000000006e-01 9.000000000000000000e+01
2.919368313590481877e+08 3.258209999999999695e+01 1.839999999999999969e-01 9.000000000000000000e+01
2.924296341926380992e+08 2.804200000000000159e+01 3.503000000000000003e-01 9.000000000000000000e+01
2.942709554044917226e+08 2.490940000000000154e+01 8.649999999999999356e-02 9.000000000000000000e+01
2.959958686435237527e+08 2.516760000000000019e+01 9.919999999999999651e-02 9.000000000000000000e+01
2.962300595500856638e+08 2.419500000000000028e+01 9.400000000000000022e-02 9.000000000000000000e+01
2.963319639350295067e+08 2.307519999999999882e+01 1.272999999999999965e-01 9.000000000000000000e+01
2.966666201309010386e+08 2.445279999999999987e+01 8.540000000000000369e-02 9.000000000000000000e+01
2.967628612118616700e+08 2.441110000000000113e+01 9.629999999999999671e-02 9.000000000000000000e+01
2.967629693759903312e+08 2.371819999999999951e+01 9.840000000000000135e-02 9.000000000000000000e+01
2.968513781673878431e+08 2.612869999999999848e+01 3.189000000000000168e-01 9.000000000000000000e+01
2.970239858150616288e+08 2.342680000000000007e+01 1.342000000000000137e-01 9.000000000000000000e+01
2.971791472291409969e+08 1.980389999999999873e+01 5.048000000000000265e-01 9.000000000000000000e+01
2.977039866643399000e+08 2.232150000000000034e+01 9.039999999999999425e-02 9.000000000000000000e+01
2.978844703372880816e+08 2.213200000000000145e+01 1.527999999999999914e-01 9.000000000000000000e+01
2.979752687798559666e+08 2.312099999999999866e+01 8.179999999999999771e-02 9.000000000000000000e+01
2.980504252972885966e+08 2.323120000000000118e+01 8.870000000000000107e-02 9.000000000000000000e+01
2.981413786636993289e+08 2.393220000000000169e+01 1.039999999999999952e-01 9.000000000000000000e+01
2.982244862448245287e+08 2.409649999999999892e+01 9.940000000000000224e-02 9.000000000000000000e+01
2.984007034252837300e+08 2.170739999999999981e+01 4.639999999999999680e-02 9.000000000000000000e+01
2.985749564400136471e+08 2.289939999999999998e+01 6.339999999999999802e-02 9.000000000000000000e+01
2.987367202396854758e+08 2.285379999999999967e+01 8.329999999999999905e-02 9.000000000000000000e+01
2.989133560627341270e+08 2.282420000000000115e+01 8.500000000000000611e-02 9.000000000000000000e+01
2.990973042979404330e+08 2.385549999999999926e+01 7.900000000000000078e-02 9.000000000000000000e+01
2.992484508681759238e+08 2.377759999999999962e+01 9.619999999999999385e-02 9.000000000000000000e+01
3.001207858070343733e+08 2.137539999999999907e+01 1.026999999999999996e-01 9.000000000000000000e+01
3.002975820317074656e+08 2.253760000000000119e+01 1.736999999999999933e-01 9.000000000000000000e+01
3.003737110070317984e+08 2.200969999999999871e+01 8.350000000000000477e-02 9.000000000000000000e+01
3.004671774988979101e+08 2.145149999999999935e+01 7.620000000000000384e-02 9.000000000000000000e+01
3.008197075910612941e+08 2.198860000000000170e+01 5.179999999999999882e-02 9.000000000000000000e+01
3.009075291302427649e+08 2.102049999999999841e+01 3.440000000000000002e-02 9.000000000000000000e+01
3.009922197408020496e+08 2.125169999999999959e+01 4.229999999999999732e-02 9.000000000000000000e+01
3.010783268275246024e+08 2.149449999999999861e+01 4.920000000000000068e-02 9.000000000000000000e+01
3.011651213990315795e+08 2.133060000000000045e+01 6.940000000000000335e-02 9.000000000000000000e+01
3.012508644221082330e+08 2.119770000000000110e+01 4.139999999999999930e-02 9.000000000000000000e+01
3.015952581052958965e+08 2.173359999999999914e+01 5.310000000000000137e-02 9.000000000000000000e+01
3.017651615712180734e+08 2.213459999999999894e+01 6.110000000000000153e-02 9.000000000000000000e+01
3.018470307033777237e+08 2.028130000000000166e+01 8.390000000000000235e-02 9.000000000000000000e+01
3.022782988176271319e+08 1.888749999999999929e+01 1.381999999999999895e-01 9.000000000000000000e+01
3.023643983097821474e+08 1.831409999999999982e+01 1.731999999999999929e-01 9.000000000000000000e+01
3.026316607689678669e+08 1.921140000000000114e+01 4.078999999999999848e-01 9.000000000000000000e+01
3.028012899408236146e+08 1.976980000000000004e+01 5.840000000000000052e-02 9.000000000000000000e+01
3.029734811059445143e+08 1.953600000000000136e+01 5.569999999999999951e-02 9.000000000000000000e+01
3.030599072505623102e+08 1.952270000000000039e+01 5.609999999999999709e-02 9.000000000000000000e+01
3.031460009711936116e+08 1.949210000000000065e+01 5.569999999999999951e-02 9.000000000000000000e+01
3.032320940265700221e+08 1.904319999999999879e+01 6.759999999999999343e-02 9.000000000000000000e+01
3.033185235926538706e+08 1.993390000000000128e+01 5.040000000000000036e-02 9.000000000000000000e+01
3.033977202431917191e+08 2.017869999999999919e+01 7.069999999999999896e-02 9.000000000000000000e+01
3.036638717971175909e+08 1.984710000000000107e+01 7.549999999999999767e-02 9.000000000000000000e+01
3.039142802688226104e+08 2.042340000000000089e+01 9.199999999999999845e-02 9.000000000000000000e+01
3.045186864316910505e+08 2.069409999999999883e+01 1.134000000000000008e-01 9.000000000000000000e+01
3.046052358086317778e+08 1.979149999999999920e+01 1.139000000000000012e-01 9.000000000000000000e+01
3.046909953513532877e+08 1.935170000000000101e+01 1.421000000000000041e-01 9.000000000000000000e+01
3.047771632982566953e+08 2.001549999999999940e+01 9.420000000000000595e-02 9.000000000000000000e+01
3.048633107251346111e+08 1.972540000000000049e+01 1.597999999999999976e-01 9.000000000000000000e+01
3.049497294480264187e+08 1.953539999999999921e+01 2.006000000000000005e-01 9.000000000000000000e+01
3.053810218320295215e+08 2.183670000000000044e+01 1.943000000000000005e-01 9.000000000000000000e+01
3.053811500323399901e+08 2.171539999999999893e+01 2.614000000000000212e-01 9.000000000000000000e+01
3.139783470835357904e+08 2.309199999999999875e+01 8.179999999999999771e-02 9.000000000000000000e+01
3.141513842083409429e+08 2.074350000000000094e+01 5.160000000000000003e-02 9.000000000000000000e+01
3.144830573145791888e+08 2.151249999999999929e+01 8.269999999999999574e-02 9.000000000000000000e+01
3.145844743084833026e+08 2.129929999999999879e+01 1.597000000000000086e-01 9.000000000000000000e+01
3.146567140655949712e+08 2.241639999999999944e+01 8.140000000000000013e-02 9.000000000000000000e+01
3.148425758188873529e+08 2.183640000000000114e+01 5.820000000000000173e-02 9.000000000000000000e+01
3.151742515776157379e+08 2.646920000000000073e+01 1.401000000000000023e-01 9.000000000000000000e+01
3.154432738665640354e+08 2.984580000000000055e+01 2.141000000000000125e-01 9.000000000000000000e+01
3.155295677587106824e+08 2.717470000000000141e+01 1.746000000000000052e-01 9.000000000000000000e+01
3.157019418931469321e+08 2.873900000000000077e+01 1.433999999999999997e-01 9.000000000000000000e+01
3.159605656828746200e+08 2.804390000000000072e+01 1.287999999999999978e-01 9.000000000000000000e+01
3.163054784572720528e+08 2.696199999999999974e+01 1.092000000000000054e-01 9.000000000000000000e+01
3.166495913750544190e+08 2.626500000000000057e+01 1.014000000000000040e-01 9.000000000000000000e+01
3.169962072835251689e+08 2.815930000000000177e+01 1.197000000000000008e-01 9.000000000000000000e+01
3.172422815510585904e+08 2.743390000000000128e+01 1.355000000000000093e-01 9.000000000000000000e+01
3.173436462470367551e+08 2.846600000000000108e+01 2.374999999999999889e-01 9.000000000000000000e+01
3.175002499535948038e+08 2.689819999999999922e+01 1.361999999999999877e-01 9.000000000000000000e+01
3.175872250233784318e+08 2.689979999999999905e+01 1.350000000000000089e-01 9.000000000000000000e+01
3.180302526355415583e+08 2.606240000000000023e+01 1.894000000000000128e-01 9.000000000000000000e+01
3.188038191724866629e+08 2.999010000000000176e+01 1.287999999999999978e-01 9.000000000000000000e+01
3.204496590969845653e+08 3.535049999999999670e+01 1.884000000000000119e-01 9.000000000000000000e+01
3.210458583485037088e+08 3.305389999999999873e+01 1.585999999999999910e-01 9.000000000000000000e+01
3.214763711020946503e+08 2.843619999999999948e+01 1.189999999999999947e-01 9.000000000000000000e+01
3.250956015245094895e+08 3.428759999999999764e+01 1.660000000000000087e-01 9.000000000000000000e+01
3.253659336201533675e+08 3.282110000000000127e+01 1.628000000000000003e-01 9.000000000000000000e+01
3.254470115011230111e+08 3.231889999999999930e+01 1.643999999999999906e-01 9.000000000000000000e+01
3.257120056060865521e+08 2.761899999999999977e+01 1.405000000000000138e-01 9.000000000000000000e+01
3.261480423868864775e+08 2.742340000000000089e+01 4.012000000000000011e-01 9.000000000000000000e+01
3.309658780982673168e+08 1.956090000000000018e+01 5.249999999999999806e-02 9.000000000000000000e+01
3.312264551760122180e+08 1.997899999999999920e+01 7.480000000000000537e-02 9.000000000000000000e+01
3.318397139088079333e+08 1.870619999999999905e+01 8.949999999999999623e-02 9.000000000000000000e+01
3.331292953564971685e+08 2.157669999999999888e+01 1.405000000000000138e-01 9.000000000000000000e+01
3.452562975254550576e+08 2.155730000000000146e+01 2.923999999999999932e-01 9.000000000000000000e+01
3.462038890329837799e+08 2.146940000000000026e+01 1.272000000000000075e-01 9.000000000000000000e+01
3.495706724188908935e+08 1.938220000000000098e+01 5.700000000000000205e-02 9.000000000000000000e+01
