-4.428696413812076571e+01
-7.532212905792948732e+01
-5.504948891276262657e+01
-5.618945531981353270e+01
-7.832540444398455293e+01
-6.390920496091530367e+01
-4.976241972129901114e+01
-9.212813827156332991e+01
-4.665214477207337040e+01
-7.004222118546931597e+01
-5.527986229345879110e+01
-7.156205821886851481e+01
-5.715834533539441509e+01
-4.319781740518192237e+01
-4.743054782054105090e+01
-7.266035477491641359e+01
-6.394431267544041475e+01
-4.633425649071932639e+01
-6.960028915894508827e+01
-9.563490944176828634e+01
-5.451175231173237989e+01
-6.763409025606506475e+01
-7.283408983311983320e+01
-8.918566539692801598e+01
-6.690446318338945275e+01
-6.433010242474938423e+01
-5.601873380723031914e+01
-5.803029164083613978e+01
-5.264512330048819422e+01
-5.821837870041395036e+01
-5.044848985010685283e+01
-6.054530628902557510e+01
-6.216332350497123116e+01
-6.782982859170988377e+01
-6.586795391062787530e+01
-5.750563614355542086e+01
-4.467480049225378025e+01
-5.542856936968337322e+01
-7.884867876743373927e+01
-5.602680785859593016e+01
-6.515713927210890688e+01
-6.251243861436523730e+01
-5.801396717410148085e+01
-8.285793819003356475e+01
-6.904148863622140198e+01
-6.072472526164256124e+01
-8.980230091415523930e+01
-5.685676641243776430e+01
-6.720643937267504953e+01
-6.589237290691926319e+01
-5.372788735571793950e+01
-6.755651015427520178e+01
-5.914684948290050670e+01
-6.297020242055714334e+01
-7.209669465468596172e+01
-5.671843365079712385e+01
-5.126132557269329482e+01
-6.477572558312840556e+01
-5.684877608169040286e+01
-6.955376823639562645e+01
-6.605785056040713243e+01
-6.803298225610524241e+01
-7.353729843318160420e+01
-5.885468248173765460e+01
-6.657608668163811672e+01
-5.659419887947024108e+01
-5.422254462627870453e+01
-6.979693504140050209e+01
-3.753059149094178792e+01
-6.572862330898624350e+01
-7.266672430051585252e+01
-5.488318994597148048e+01
-7.216763967133920232e+01
-7.197550553022119857e+01
-5.569298030894879048e+01
-9.071066141009850980e+01
-5.842329274372036707e+01
-6.051435659993694571e+01
-5.935245145574390335e+01
-8.367813240087707527e+01
-5.961039493344742368e+01
-6.107681106408927008e+01
-5.177230439537152051e+01
-6.659818259543862951e+01
-7.345845891385670257e+01
-5.692640614124593412e+01
-6.305983967351858155e+01
-7.370281715592045657e+01
-5.551133367547777198e+01
-7.314449611556210584e+01
-4.528775004780163727e+01
-5.251957599020670386e+01
-7.971880226707253314e+01
-5.416881475123318523e+01
-4.264177739278738954e+01
-5.083331439084076919e+01
-6.083925439385802747e+01
-5.124955430218960828e+01
-5.900711987788326951e+01
-7.101843042807013262e+01
1.906913183280175872e+01
