-2.046108165774447571e+03 -2.042661562530027823e+03
-2.091779111654709141e+03 -2.089471089778535770e+03
-2.088982706119185423e+03 -2.082467744016648794e+03
-2.067395715588911116e+03 -2.064648821404858609e+03
-2.071991689619018416e+03 -2.068217138514896305e+03
-2.082546129189480325e+03 -2.080383802975632534e+03
-2.067757815163879059e+03 -2.065635844818755686e+03
-2.098479116724005962e+03 -2.094202204652074215e+03
-2.095255272979823530e+03 -2.091784192349264231e+03
-2.112334841819571466e+03 -2.110592469424394039e+03
-2.058845599443045103e+03 -2.056361159844794201e+03
-2.067462250416003371e+03 -2.065199917437524164e+03
-2.083207657239652690e+03 -2.075564856535997023e+03
-2.070190901554495213e+03 -2.066448968371316369e+03
-2.063115338856828203e+03 -2.061327445986114981e+03
-2.093466039881954202e+03 -2.091360057737177158e+03
-2.052266887347324882e+03 -2.049171662112522426e+03
-2.066327772608628948e+03 -2.063684827028039308e+03
-2.063490935913121575e+03 -2.060124829513404620e+03
-2.088041954503594752e+03 -2.085456365039566663e+03
-2.031862103663666403e+03 -2.029921558215663481e+03
-2.060568563629599339e+03 -2.057443484240806811e+03
-2.059547545137891575e+03 -2.057419314950404441e+03
-2.058208016034257525e+03 -2.056125912015279027e+03
-2.087675822359822632e+03 -2.085021791712737468e+03
-2.056334459816428534e+03 -2.054328200269444096e+03
-2.090394655856462123e+03 -2.086693443992193806e+03
-2.073275961166468733e+03 -2.070419555409639997e+03
-2.055454654095038677e+03 -2.053102940092332119e+03
-2.086900289115107626e+03 -2.082663249439413903e+03
-2.054942221744781818e+03 -2.053045922218581381e+03
-2.112495816654001828e+03 -2.108594227212225633e+03
-2.075160339886085239e+03 -2.073384307885958151e+03
-2.120288694738713730e+03 -2.117592376458133913e+03
-2.061686227842154949e+03 -2.057830008276579520e+03
-2.075355627922806434e+03 -2.074653985128529712e+03
-2.071674214020162708e+03 -2.065369904872912230e+03
-2.038259235860928811e+03 -2.034826289583234256e+03
-2.097629132746532377e+03 -2.095291819130392469e+03
-2.089675959369347765e+03 -2.087936660323938213e+03
-2.044263475719043754e+03 -2.041716724817130626e+03
-2.054769334712360887e+03 -2.050963031270655847e+03
-2.098153424955296032e+03 -2.094052809590794823e+03
-2.057463970381356376e+03 -2.054113299755998014e+03
-2.057339681689957615e+03 -2.053150294283609583e+03
-2.099771288542467573e+03 -2.094702274323334677e+03
-2.068907470001493493e+03 -2.065330992967420570e+03
-2.082010164724692004e+03 -2.080298024863599494e+03
-2.063565566308890993e+03 -2.059017965171274227e+03
-2.068455558444547023e+03 -2.066008938135778408e+03
-2.075422150068270639e+03 -2.072826666947762533e+03
-2.057935978399627857e+03 -2.055481965213801686e+03
-2.077293429151483451e+03 -2.074383581973103901e+03
-2.093728410577919931e+03 -2.091536058322020835e+03
-2.094293571411535595e+03 -2.092427296616141575e+03
-2.034399855870171450e+03 -2.031115686853557690e+03
-2.034433251788423377e+03 -2.030079437683660672e+03
-2.050714949421282199e+03 -2.048257842440104469e+03
-2.041188501855773893e+03 -2.037610636561129240e+03
-2.050765136175486077e+03 -2.047963961649974181e+03
-2.063821255591736190e+03 -2.061613116164586245e+03
-2.086905111155617305e+03 -2.083282578499613919e+03
-2.084935342418130858e+03 -2.080971016086057716e+03
-2.068179280597366414e+03 -2.066563447785852077e+03
-2.017407703113099387e+03 -2.014254669049934591e+03
-2.060974685641743235e+03 -2.059817400882069705e+03
-2.081007590866538521e+03 -2.077871557081826722e+03
-2.048211728371882145e+03 -2.046520222862377977e+03
-2.066035834824191170e+03 -2.062389807274606028e+03
-2.098652698283523023e+03 -2.094989976545856734e+03
-2.084818378754155219e+03 -2.080010022128283708e+03
-2.092018746690559965e+03 -2.089296682675793363e+03
-2.068863496607796606e+03 -2.064966612695205185e+03
-2.117792038029990636e+03 -2.114349893851003344e+03
-2.046008814833320912e+03 -2.043519759111351732e+03
-2.091440722989808819e+03 -2.088375060332430621e+03
-2.069770484004142418e+03 -2.066225610724352919e+03
-2.051313260315037951e+03 -2.047179150674410721e+03
-2.088182308647023092e+03 -2.085192973892771533e+03
-2.044505751569709446e+03 -2.040586520784584536e+03
-2.056782504510114904e+03 -2.054813363389986080e+03
-2.083810327049444368e+03 -2.079002463932210503e+03
-2.085680560634238645e+03 -2.081247753988896875e+03
-2.048602640450038052e+03 -2.046438301584660849e+03
-2.093053336477482844e+03 -2.088481082715545199e+03
-2.083277904837771075e+03 -2.080454975859198385e+03
-2.099530190755159765e+03 -2.097063967780593885e+03
-2.101608029935471677e+03 -2.098720464307012207e+03
-2.092732627099975161e+03 -2.088968123079619545e+03
-2.106038920775584302e+03 -2.101709063196635725e+03
-2.090286835395953858e+03 -2.088204446351531260e+03
-2.078198796117548227e+03 -2.073676456361219607e+03
-2.102942677163644930e+03 -2.098565168262970928e+03
-2.071412323551435293e+03 -2.069703186995565375e+03
-2.008107767538869666e+03 -2.003903131865871273e+03
-2.054149776204671525e+03 -2.051479344181740998e+03
-2.091383120880681417e+03 -2.083439263747010045e+03
-2.055766873830851182e+03 -2.052962623104575869e+03
-2.056209419623625763e+03 -2.055462901193638118e+03
-2.055061872622449300e+03 -2.052000388427912640e+03
