-5.534052503536517179e+03 -5.530346828373809331e+03
-5.513773563441292026e+03 -5.509868298073047299e+03
-5.509167557828732242e+03 -5.507587350129609149e+03
-5.501015804684043360e+03 -5.499673888149583036e+03
-5.485828339747212340e+03 -5.484334523499270290e+03
-5.447092847263176736e+03 -5.443836704958965129e+03
-5.490502246404941616e+03 -5.488930762203529412e+03
-5.475035579231994234e+03 -5.471946209424296285e+03
-5.448190783106772869e+03 -5.445923922365213002e+03
-5.518110528661987701e+03 -5.513630394494380198e+03
-5.504531058381103321e+03 -5.501283970186489569e+03
-5.488642949496176698e+03 -5.485523062382699209e+03
-5.477385198349503298e+03 -5.475620657256715276e+03
-5.511775962340681872e+03 -5.506350548599033573e+03
-5.480717193884353037e+03 -5.478747226424129622e+03
-5.468800494549317591e+03 -5.466025043963400094e+03
-5.495150086800628742e+03 -5.493113323241565013e+03
-5.476414744364832586e+03 -5.474361722527572056e+03
-5.468115676725979029e+03 -5.466720198076182896e+03
-5.511844421063513437e+03 -5.507750150373565702e+03
-5.535583354902112660e+03 -5.534709418414086031e+03
-5.505955064137511727e+03 -5.504014406350273930e+03
-5.530775935521722204e+03 -5.528377768833854134e+03
-5.478262022896980852e+03 -5.472813755149028111e+03
-5.518841110460316486e+03 -5.517173737162584075e+03
-5.459469251609960338e+03 -5.455246386447555778e+03
-5.504154955057305415e+03 -5.501840293893355920e+03
-5.480774824098947647e+03 -5.477156115798971769e+03
-5.472217170853204152e+03 -5.469256290985682426e+03
-5.483743776043389516e+03 -5.481458928561921311e+03
-5.511999436301782225e+03 -5.509122834016100569e+03
-5.523806551276305072e+03 -5.522493238219211889e+03
-5.514327349151207272e+03 -5.511243102370370252e+03
-5.459184541141634327e+03 -5.457508960030046183e+03
-5.508925659783824813e+03 -5.505634172471056445e+03
-5.522935569731020223e+03 -5.520368398560885908e+03
-5.435223033292799300e+03 -5.433442587374133836e+03
-5.493625562139606700e+03 -5.490082777071807868e+03
-5.506850866090139789e+03 -5.504855465507522240e+03
-5.520284131243276533e+03 -5.517653523903591122e+03
-5.476038192758373043e+03 -5.472905445627739937e+03
-5.525443182564919880e+03 -5.523285699793827007e+03
-5.491957076188335122e+03 -5.490053769587191709e+03
-5.516840053199573958e+03 -5.512734836689795884e+03
-5.469520906822343932e+03 -5.464132459710156581e+03
-5.459115153013305644e+03 -5.457704080599361987e+03
-5.489876006627901916e+03 -5.486896279108651470e+03
-5.482896906140155806e+03 -5.479882245094921927e+03
-5.492275661685819614e+03 -5.490719380581424048e+03
-5.462009269061300074e+03 -5.458459451323324174e+03
-5.477411265567189730e+03 -5.472918046555720139e+03
-5.471306059999702484e+03 -5.468946070946913096e+03
-5.472929594638112576e+03 -5.470025966119987970e+03
-5.479292646738086660e+03 -5.472870676974376693e+03
-5.492010876600154006e+03 -5.490790847962480257e+03
-5.483821011348993125e+03 -5.481673531647549680e+03
-5.476664397616340466e+03 -5.475026161888951719e+03
-5.520897442521976700e+03 -5.510525869481456539e+03
-5.460486482347679157e+03 -5.457787254573147038e+03
-5.541555235829607227e+03 -5.538881193118916599e+03
-5.535006419595519219e+03 -5.532025677957736661e+03
-5.539115717602719997e+03 -5.535291728210973815e+03
-5.422440846424592564e+03 -5.418328324214594431e+03
-5.499873625660978178e+03 -5.497583820398658645e+03
-5.455063912926308149e+03 -5.453755593529303042e+03
-5.482560638035527518e+03 -5.478959275614042781e+03
-5.478159537922902018e+03 -5.476259954412075786e+03
-5.558118685258542428e+03 -5.552189444015562913e+03
-5.446503990356275608e+03 -5.444893061997948280e+03
-5.488537672795716389e+03 -5.481840983199706898e+03
-5.472342873405448699e+03 -5.467082722334662321e+03
-5.485690349712628631e+03 -5.483374206261652944e+03
-5.481799976494255134e+03 -5.475420873340232902e+03
-5.511425791119811947e+03 -5.508894718001423826e+03
-5.502089968972321913e+03 -5.500469868700821280e+03
-5.531652654331783197e+03 -5.528165344609073145e+03
-5.522947085705046447e+03 -5.521541845621109132e+03
-5.521916170771673933e+03 -5.519796325420091307e+03
-5.495194271221386771e+03 -5.490862085005996960e+03
-5.491948983012884128e+03 -5.488803642626192413e+03
-5.534966437768787728e+03 -5.531094060773471938e+03
-5.481009813999581638e+03 -5.476768055522989926e+03
-5.470144760275224144e+03 -5.465610635169251509e+03
-5.534548632853355230e+03 -5.529738253537951095e+03
-5.486995241982337575e+03 -5.485781781317675268e+03
-5.441704911229858226e+03 -5.436696468964571977e+03
-5.455520999166504225e+03 -5.447375551765409000e+03
-5.479317940849025035e+03 -5.477645009828420370e+03
-5.483439117804708985e+03 -5.482026910476063676e+03
-5.491002987157715324e+03 -5.489151104307400601e+03
-5.459802287779465587e+03 -5.456461067899551381e+03
-5.485663883162106686e+03 -5.481708858277443142e+03
-5.506529953499377370e+03 -5.504586405542853754e+03
-5.483677427857313887e+03 -5.482298878398706620e+03
-5.469438797665869060e+03 -5.466313514062147988e+03
-5.480733534240092013e+03 -5.479283526033473208e+03
-5.498235250452803484e+03 -5.495948811733861476e+03
-5.502609476435161923e+03 -5.498766051904857704e+03
-5.531356935223348046e+03 -5.528458160275773480e+03
-5.507030469277673546e+03 -5.504595479261834953e+03
