7.411350325415696716e+00
7.810530736489454284e+00
3.160415398246186669e+00
2.683833068920648657e+00
2.987632495884099626e+00
6.512284608423215104e+00
3.142968402824408258e+00
6.178739615395897999e+00
4.533721483119734330e+00
8.960268335215005209e+00
6.494176389227504842e+00
6.239774226954978076e+00
3.529082185576044139e+00
1.085082748329659807e+01
3.939934920446830802e+00
5.550901171834993875e+00
4.073527118127458380e+00
4.106043674521060893e+00
2.790957299592264462e+00
8.188541379895468708e+00
1.747872976053258753e+00
3.881315574475593166e+00
4.796333375736139715e+00
1.089653549590548209e+01
3.334746595464821439e+00
8.445730324809119338e+00
4.629322327898989897e+00
7.237416599951757235e+00
5.921759735043451656e+00
4.569694962936409866e+00
5.753204571363312425e+00
2.626626114186365157e+00
6.168493561674040393e+00
3.351162223176288535e+00
6.582974625536735402e+00
5.134342340268631233e+00
3.560891837330927956e+00
7.085570135597663466e+00
3.990801165235097869e+00
5.261214679370823433e+00
6.265494261266212561e+00
4.314965542185746017e+00
3.806613202286825981e+00
8.210433019556148793e+00
1.077689422437470057e+01
2.822144827887314023e+00
5.959455038500891533e+00
6.029322090467758244e+00
3.112562208791132434e+00
7.099635475951799890e+00
8.986438022939182702e+00
4.719978105578775285e+00
5.807257036249211524e+00
1.284393952741993417e+01
2.440057275347498944e+00
4.294959402886888711e+00
3.276471454777492909e+00
2.074314608104032231e+01
5.398455549064237857e+00
5.348085421381256310e+00
5.961483275565115036e+00
7.647978783492362709e+00
8.225044419996265788e+00
4.579610524639065261e+00
2.616638794010214042e+00
7.202724842969473684e+00
3.799167021652465337e+00
1.185848248595902987e+01
3.221856716654656339e+00
1.339337919201898330e+01
1.052030214157275623e+01
4.632286901951374603e+00
1.275820630804446409e+01
5.062146236776243313e+00
3.240200543001265032e+00
6.974619445420103148e+00
2.810480167874629842e+00
4.239690703165251762e+00
8.664372430779621936e+00
6.290680773383428459e+00
7.744753990631579654e+00
8.483516953183425358e+00
9.068250211945269257e+00
9.620758630808268208e+00
2.426921329324613907e+00
1.001688453057249717e+01
1.629089480219045072e+01
3.345862041209329618e+00
2.824414657290617470e+00
3.703765700629446656e+00
6.682439759828412207e+00
7.910049769327088143e+00
3.887095913047232898e+00
2.757098917214534595e+00
6.250567207442145445e+00
2.900016413237608504e+00
4.572877437884017127e+00
7.686849060608437867e+00
5.797549895149131771e+00
4.869980031677187071e+00
3.663562746846055234e+02
