-3.612736548994055283e+02 -3.588031429463065933e+02
-3.379935255676955990e+02 -3.337567284167100183e+02
-3.366912925574210931e+02 -3.340441818428734564e+02
-3.543916640313752282e+02 -3.501971970462241757e+02
-3.491838090429370709e+02 -3.468860185892229993e+02
-3.442382370063942290e+02 -3.393288207886553778e+02
-3.610082113118009488e+02 -3.590321409974442872e+02
-3.435317898231840559e+02 -3.396245696212065468e+02
-3.517850358026789195e+02 -3.487167059314784296e+02
-3.643138769629959484e+02 -3.625585814592873817e+02
-3.440470990609175033e+02 -3.420992638839883284e+02
-3.468871346423269415e+02 -3.439150647904043012e+02
-3.447510479764252977e+02 -3.425256192362730872e+02
-3.514148315683872283e+02 -3.487207609603515266e+02
-3.692874525427547496e+02 -3.680743610836526614e+02
-3.279306487978590781e+02 -3.266540323059432467e+02
-3.550143808406239145e+02 -3.538905202737892637e+02
-3.508031644885900278e+02 -3.481854706928099290e+02
-3.542319123390740856e+02 -3.517097903612573759e+02
-3.424953735060390727e+02 -3.404697930878607508e+02
-3.517644845346493980e+02 -3.475280210950668334e+02
-3.566150246187882544e+02 -3.547812219121721569e+02
-3.538483579236595915e+02 -3.510356222766868086e+02
-3.489713607146907179e+02 -3.464704860934314183e+02
-3.583091458160398588e+02 -3.559227922915972613e+02
-3.575736987287021975e+02 -3.557412488598338882e+02
-3.666126300863598431e+02 -3.621574878787891407e+02
-3.410392177425459863e+02 -3.379366995619553791e+02
-3.497015173717936136e+02 -3.475287732094152489e+02
-3.465931425744598187e+02 -3.432781253265279133e+02
-3.435782998513394659e+02 -3.405820464685381808e+02
-3.605265789272928600e+02 -3.580668060088785865e+02
-3.586260557255968138e+02 -3.560234364750122040e+02
-3.504858678617459304e+02 -3.479059241488449175e+02
-3.504424233249335998e+02 -3.486673140085186446e+02
-3.464541857137955390e+02 -3.425065154059791439e+02
-3.619063227632852886e+02 -3.611350450891221726e+02
-3.573524024445511600e+02 -3.536736776710049526e+02
-3.758490335931068103e+02 -3.739591775596977641e+02
-3.433235392649792743e+02 -3.419748422501484697e+02
-3.507289528527257971e+02 -3.473966586209643310e+02
-3.261686109240673090e+02 -3.240955962085181454e+02
-3.796132149330893526e+02 -3.776492881707104061e+02
-3.583943801499438564e+02 -3.540591075960539911e+02
-3.410696342982712395e+02 -3.376930330321551423e+02
-3.646839809539480370e+02 -3.607472085887814615e+02
-3.428297357243359897e+02 -3.395478047747541268e+02
-3.447663253234898093e+02 -3.424415398551846579e+02
-3.560139325458990243e+02 -3.509731702927511492e+02
-3.570467309998242058e+02 -3.563013263460370581e+02
-3.680358515773537533e+02 -3.660368077531254585e+02
-3.622911536870037708e+02 -3.581858646647921205e+02
-3.681677331205657424e+02 -3.662466390715437115e+02
-3.644203219812928864e+02 -3.622831849842343104e+02
-3.528793818213263762e+02 -3.491934887007815291e+02
-3.683517374289392592e+02 -3.653641118560797167e+02
-3.613127905555436996e+02 -3.588004238655652216e+02
-3.365276697163090489e+02 -3.332828909789448062e+02
-3.653215203300396183e+02 -3.613411174528669108e+02
-3.402191315942382062e+02 -3.372932049400872643e+02
-3.446143760136431524e+02 -3.419967753348414590e+02
-3.486888952650585338e+02 -3.460386646544059772e+02
-3.475565123916722996e+02 -3.444630728187908062e+02
-3.594704414609564651e+02 -3.570776692807421000e+02
-3.516108328638949843e+02 -3.476260015582994924e+02
-3.497338654740059951e+02 -3.480007601399931332e+02
-3.412950300253460227e+02 -3.343832189982898058e+02
-3.613645131804071298e+02 -3.572532543525638289e+02
-3.403092027604262739e+02 -3.380705863423500546e+02
-3.337743478541412969e+02 -3.306269294681613360e+02
-3.476900087801149652e+02 -3.442264014211311292e+02
-3.400368373499223935e+02 -3.351176768551165992e+02
-3.480431028109383647e+02 -3.448290376619229392e+02
-3.688756908919901321e+02 -3.660558201338512276e+02
-3.283379861401029416e+02 -3.271196538386071211e+02
-3.443432344706239974e+02 -3.411445668048597781e+02
-3.621654875154075057e+02 -3.563560892356807130e+02
-3.602637394919926237e+02 -3.557700809129491404e+02
-3.497096745151927166e+02 -3.451228783441544579e+02
-3.423253041082240316e+02 -3.403217404559505326e+02
-3.643549927473085859e+02 -3.623440490644566694e+02
-3.405479862146438563e+02 -3.381410375740014729e+02
-3.573333939623307174e+02 -3.533790985047601794e+02
-3.612512753603467104e+02 -3.596005311857064157e+02
-3.764482327455471591e+02 -3.729937513413360080e+02
-3.501149683494156761e+02 -3.482234000967525276e+02
-3.414540670539785765e+02 -3.399009624764087789e+02
-3.533032918591182465e+02 -3.500368400925863170e+02
-3.485430538803802847e+02 -3.418894501689823642e+02
-3.739213496094407674e+02 -3.722119172819322444e+02
-3.310315572121588730e+02 -3.292516947571770061e+02
-3.501547389108575885e+02 -3.469691777037295992e+02
-3.578288909174294190e+02 -3.552797231046334900e+02
-3.470558686140311693e+02 -3.455207734249531768e+02
-3.660661611338108514e+02 -3.641741653516659767e+02
-3.500456862919605214e+02 -3.470211374100764488e+02
-3.531867349569431553e+02 -3.522779063814396636e+02
-3.514261194950605613e+02 -3.496967756391842954e+02
-3.375959397346645119e+02 -3.327157387292132853e+02
-3.458003357037460432e+02 -3.450258581708713450e+02
