4.941023906197870019e+00
8.473594301971161258e+00
5.294221429095273379e+00
8.388933970302105081e+00
4.595580907428143291e+00
9.818832435477702347e+00
3.952140628713323167e+00
7.814440403955018155e+00
6.136659742400979667e+00
3.510591007417133369e+00
3.895670353858349699e+00
5.944139703845280565e+00
4.450857480304421188e+00
5.388141216071403505e+00
2.426182918204176531e+00
2.553232983831662750e+00
2.247721133669301707e+00
5.235387591560197507e+00
5.044243955633419318e+00
4.051160836356643813e+00
8.472926879165129321e+00
3.667605413232195133e+00
5.625471293945565776e+00
5.001749242518599203e+00
4.772707048885195036e+00
3.664899737736618590e+00
8.910284415141404679e+00
6.205036361181214488e+00
4.345488324756729526e+00
6.630034495863810662e+00
5.992506765602570340e+00
4.919545836828547181e+00
5.205238501169219489e+00
5.159887425802025973e+00
3.550218632829910348e+00
7.895340615632790104e+00
1.542555348326231979e+00
7.357449547092414832e+00
3.779712066818092353e+00
2.697394029661609238e+00
6.664588463522932216e+00
4.146029431098327223e+00
3.927853524757892956e+00
8.670545107779730643e+00
6.753202532232194244e+00
7.873544730333151165e+00
6.563861899163725866e+00
4.649570936610302851e+00
1.008152450629575014e+01
1.490809307574295417e+00
3.998087648456589704e+00
8.210578044423300526e+00
3.842188098044061917e+00
4.274273994117152142e+00
7.371786241089694158e+00
5.975251145719084889e+00
5.024733379956956014e+00
6.489557474728485431e+00
7.960805754345415153e+00
5.851853308301883771e+00
5.235201357603386896e+00
5.300461221305113213e+00
6.186879145762986809e+00
4.785544360428730215e+00
7.969662611190983625e+00
3.466210668025723862e+00
1.382362205411243394e+01
8.222517655686601756e+00
4.477232836152438722e+00
6.294836771959921862e+00
6.927214717967672186e+00
9.838320989611588629e+00
6.428130298030851009e+00
5.639741516277808842e+00
2.436664602991641004e+00
6.397335331528438473e+00
1.161879655945358536e+01
8.987317158086966629e+00
9.173592342076517525e+00
4.007127304546997948e+00
4.021887365703832984e+00
4.813897281284766905e+00
7.908590915141076039e+00
3.301488349280589318e+00
6.908962808422302260e+00
3.783136505326297083e+00
3.106209155139595168e+00
6.532903533063858958e+00
1.330720742279584101e+01
3.418864655017046061e+00
3.559724909963733808e+00
6.371122414255978583e+00
5.098335625591857934e+00
3.070190378155984945e+00
3.783991564289749476e+00
6.049097763768145342e+00
1.817657151006983440e+00
3.458687711752531868e+00
9.760402010902453185e+00
1.548955065749396454e+00
5.000226094692970946e+01
