-8.052446078980455013e+02 -8.031148643332545589e+02
-7.795227443961321114e+02 -7.770078263797150839e+02
-7.935496740384369332e+02 -7.914226695610423121e+02
-8.024146647186619248e+02 -8.010716842502332611e+02
-8.057807819977400641e+02 -8.025855080773550299e+02
-8.171756533549456663e+02 -8.150733645749951393e+02
-7.866246104035203643e+02 -7.852075348729057396e+02
-8.131621719257485665e+02 -8.104460556107904949e+02
-8.036144874355452430e+02 -8.006022279011359615e+02
-8.035080988149459245e+02 -8.013751652499565807e+02
-7.967259591171813327e+02 -7.953714701430287732e+02
-8.117458892422841927e+02 -8.081872586642886063e+02
-7.855570821533137860e+02 -7.826486859559341838e+02
-7.926994793698429476e+02 -7.913705478321091960e+02
-8.146050820641750079e+02 -8.079401287415550996e+02
-8.063483265956379000e+02 -8.035264873384342081e+02
-8.048643316655737863e+02 -7.974843591464364181e+02
-7.981387770028967452e+02 -7.948890191669764818e+02
-8.161764106174462086e+02 -8.136379894813288729e+02
-8.021633509163619919e+02 -7.995651254303387532e+02
-7.998240313580122347e+02 -7.983340501529570474e+02
-8.187427944951921290e+02 -8.172085517749735573e+02
-8.100820508455412892e+02 -8.076051017210555756e+02
-8.280665373071750537e+02 -8.244699547497407366e+02
-8.007396798474118214e+02 -7.977273778564748454e+02
-8.242874176878410708e+02 -8.209097031142691776e+02
-7.974990941377419631e+02 -7.944849312012128166e+02
-8.142284599570367618e+02 -8.083791227024416912e+02
-8.183741380530670995e+02 -8.138609377911328693e+02
-8.165438071086309719e+02 -8.137809115002767157e+02
-8.057021680710106466e+02 -8.037155352890150652e+02
-7.760648876719869804e+02 -7.745153121632771445e+02
-8.066654076600891585e+02 -8.039386962657987397e+02
-8.068977902921923260e+02 -8.047666165212515352e+02
-8.084632242654972742e+02 -8.055106469031009055e+02
-8.055698882853979512e+02 -8.031159355637751105e+02
-8.139983360381759212e+02 -8.106788141496434719e+02
-7.921393872628269719e+02 -7.897361547902052052e+02
-8.277920150438426390e+02 -8.219582852978668370e+02
-8.096020518715797607e+02 -8.067513446976251998e+02
-8.041782228945904762e+02 -8.018749301711309272e+02
-8.262497743371176284e+02 -8.199803151397919692e+02
-8.183612581032516573e+02 -8.164205157720256238e+02
-8.235003827711894928e+02 -8.178751058756323573e+02
-8.101560984309655851e+02 -8.056183094799145010e+02
-7.860267199010668264e+02 -7.844291473079499610e+02
-8.098298985434154247e+02 -8.070778554921461136e+02
-8.086409980664286650e+02 -8.044978659541417301e+02
-7.990619466277100855e+02 -7.939331380948907508e+02
-8.161745747305506029e+02 -8.069744228809969400e+02
-8.008119541025937451e+02 -7.969378289765237469e+02
-8.089374655927463209e+02 -8.058346683498372158e+02
-8.125309221144009371e+02 -8.055004381985896771e+02
-8.275340594981443019e+02 -8.241337153846450292e+02
-8.063976129672612387e+02 -8.014462216006534163e+02
-8.060454996805477776e+02 -8.032203774023793130e+02
-8.229863830505750002e+02 -8.209728052773683658e+02
-8.241001650624810964e+02 -8.171404984861075036e+02
-7.773637215204652193e+02 -7.713603012331669788e+02
-8.061096778733328847e+02 -8.047732594450535544e+02
-8.215716033648678831e+02 -8.196181801020991315e+02
-8.136028811042633606e+02 -8.111720637776198828e+02
-7.884759923779250812e+02 -7.840858101818516843e+02
-8.012801112135705353e+02 -7.953927296310338306e+02
-8.104693786509948268e+02 -8.078883079465784931e+02
-8.190839683307818859e+02 -8.168499704592652506e+02
-7.881179916044210358e+02 -7.861452034508353108e+02
-8.161681156726907602e+02 -8.104782802651641305e+02
-8.289029655099318461e+02 -8.236963138306789460e+02
-8.304328867538243912e+02 -8.271821057344536712e+02
-7.857732256592785234e+02 -7.823135471590643419e+02
-7.932631809151133666e+02 -7.902193357238926410e+02
-8.184615867348583151e+02 -8.154101948747079405e+02
-8.143270180534616429e+02 -8.115473656876871473e+02
-8.041349308932993836e+02 -8.008027956726859884e+02
-7.933352011120111911e+02 -7.918787011146064287e+02
-8.143278794004992278e+02 -8.094232556874926559e+02
-8.140114005566722426e+02 -8.088701711145777153e+02
-8.033879310992597311e+02 -8.005466108946167196e+02
-8.093026148551909955e+02 -8.057876262797987010e+02
-8.061987102565111627e+02 -8.002126520170427284e+02
-7.887720214183337930e+02 -7.857211719217727932e+02
-8.173858004221232250e+02 -8.157858489769189418e+02
-8.103116581972547010e+02 -8.057524996397842187e+02
-8.108353423587027464e+02 -8.074820425746261208e+02
-8.186115047729100525e+02 -8.159239871423163777e+02
-7.984977975858017771e+02 -7.969398011147044372e+02
-8.194428521607287621e+02 -8.181422885857012943e+02
-8.071783095330017659e+02 -8.043880596611475085e+02
-8.003392168588458162e+02 -7.987702496328225834e+02
-8.241904282972367355e+02 -8.199706530792344665e+02
-8.127683227845576539e+02 -8.095818411257035905e+02
-8.011800187104877295e+02 -7.985868941236353749e+02
-8.106268289493517614e+02 -8.068150662796610959e+02
-8.205500413024089994e+02 -8.168710453273826033e+02
-8.000164195778065732e+02 -7.965132484795049095e+02
-8.033783244526151748e+02 -8.001812347650263746e+02
-8.131277625752040876e+02 -8.104547828829893206e+02
-8.146022003319341138e+02 -8.107282509770496972e+02
-8.184381133188401236e+02 -8.131884749927011171e+02
