-3.971693953044438786e+03 -3.966196689657121169e+03
-3.941980314133144020e+03 -3.940555121453149241e+03
-3.917530487560277834e+03 -3.916402479075974952e+03
-3.909240374867275023e+03 -3.903899681852441972e+03
-3.937407768861640307e+03 -3.936422860297748230e+03
-3.969643280452957697e+03 -3.964429946120976183e+03
-3.931876869822974641e+03 -3.927179142753254382e+03
-3.929290847153918548e+03 -3.926288843183438530e+03
-3.965133063120073530e+03 -3.962431487155752620e+03
-3.957207148341697120e+03 -3.950322699169765656e+03
-3.982708394606354432e+03 -3.978780519803922289e+03
-3.948358630842232287e+03 -3.944273105940847927e+03
-3.935822551057113742e+03 -3.933749569449787032e+03
-3.924704728590304512e+03 -3.920898125859835545e+03
-3.924232956791767720e+03 -3.918942267123257807e+03
-3.961912637842867753e+03 -3.959226823779075858e+03
-3.974613384687997041e+03 -3.969742429115532104e+03
-3.948097396709564691e+03 -3.942950983130156601e+03
-3.942062308589540862e+03 -3.937729672878982910e+03
-3.947370219547100987e+03 -3.942946444923080435e+03
-3.947837602990940013e+03 -3.946255634077452214e+03
-3.937171317583076416e+03 -3.933804783358350960e+03
-3.931657686209057374e+03 -3.930004235879796397e+03
-3.929474660315095207e+03 -3.925651558469291103e+03
-3.906096815385345508e+03 -3.903897445571800745e+03
-3.943954860445696340e+03 -3.939400150457304790e+03
-3.948306844098967758e+03 -3.946596010951428525e+03
-3.957765289501622647e+03 -3.956460302540759130e+03
-3.958462396784312205e+03 -3.953147074304464240e+03
-3.921546735637272377e+03 -3.920391977388326268e+03
-3.958096052965433046e+03 -3.955185099419535163e+03
-3.930045867194833590e+03 -3.927432434428787019e+03
-3.926302218671033188e+03 -3.921199671185380339e+03
-3.965140425554307967e+03 -3.961461974809337335e+03
-3.923254387213584778e+03 -3.920948995285470573e+03
-3.941313554828144788e+03 -3.935866037132841939e+03
-3.942074702935651658e+03 -3.935875898611847333e+03
-3.942844898157073658e+03 -3.940001277291337374e+03
-3.937914505712684331e+03 -3.936904888745304561e+03
-3.959853343532628060e+03 -3.955690847147210206e+03
-3.921750263281946900e+03 -3.919304203819466693e+03
-3.918733296832852375e+03 -3.916904640313239724e+03
-3.912233764208024240e+03 -3.907496210490458907e+03
-3.907960906298227201e+03 -3.903693487068102513e+03
-3.990954803734274719e+03 -3.986295599205320286e+03
-3.926943985239709491e+03 -3.922642413670814676e+03
-3.915702435985654574e+03 -3.910033403777761578e+03
-3.943469331609811888e+03 -3.940949802783562063e+03
-3.939867129323637073e+03 -3.936332552119857155e+03
-3.941922604595175926e+03 -3.937781036383833907e+03
-3.971676343466093385e+03 -3.968437355236883377e+03
-3.929874116824929388e+03 -3.925820495968338491e+03
-3.913029772396359022e+03 -3.910439931586366129e+03
-3.974405674151543735e+03 -3.970432755507344154e+03
-3.904486989126181925e+03 -3.900324151779914246e+03
-3.902848009410100076e+03 -3.900760631678381742e+03
-3.951901976303450738e+03 -3.949203435731814352e+03
-3.942251105574470785e+03 -3.941077733598308441e+03
-3.932207991909808698e+03 -3.929935245069029861e+03
-3.953042435357653176e+03 -3.947534065466416905e+03
-3.918865651622733822e+03 -3.915495359475387886e+03
-3.950599402403000568e+03 -3.946691834279790783e+03
-3.951501402748815508e+03 -3.947837463389679215e+03
-3.930053269578943855e+03 -3.926254648680317587e+03
-3.941850396984371400e+03 -3.939399118977982198e+03
-3.918348015298901373e+03 -3.914975306147352057e+03
-3.938809010837701862e+03 -3.935470356351406281e+03
-3.954168547284057240e+03 -3.950331115715890974e+03
-3.924344819930646281e+03 -3.918927201360472736e+03
-3.966209214323609103e+03 -3.963975010082716835e+03
-3.960013478150627179e+03 -3.954527420854803040e+03
-3.898111614717275188e+03 -3.894934853631605165e+03
-3.962537655648706277e+03 -3.958016873342384770e+03
-3.957714468428545388e+03 -3.955016639770042730e+03
-3.950778017805886975e+03 -3.949580235395258569e+03
-3.946252764438871509e+03 -3.942568549995753983e+03
-3.939597871849834974e+03 -3.936899989122403895e+03
-3.967697204393486118e+03 -3.963713967769018836e+03
-3.955751718368390812e+03 -3.953292933115308642e+03
-3.991677859718088712e+03 -3.985315398396528053e+03
-3.923258211949932502e+03 -3.919614864631661931e+03
-3.963466515965108556e+03 -3.960229086432403619e+03
-3.999535318876201927e+03 -3.995886217948348531e+03
-3.949180726422439875e+03 -3.944190311869841935e+03
-3.953582740540685336e+03 -3.944667212542690777e+03
-3.929304894661730486e+03 -3.927762569056883876e+03
-3.982965102805526840e+03 -3.980411876064365060e+03
-3.962455226915855292e+03 -3.958876066515804723e+03
-3.959625844082284402e+03 -3.956072239626300416e+03
-3.978226369959289514e+03 -3.974462616286034518e+03
-3.914169077213237415e+03 -3.911972302541001682e+03
-3.947986701682359580e+03 -3.946734414790580558e+03
-3.942405433170673405e+03 -3.938802224057503736e+03
-3.968458204288270736e+03 -3.965909843274645027e+03
-3.941283057933000237e+03 -3.936337095548560228e+03
-3.947803225663052217e+03 -3.945460191585876601e+03
-3.911260879592552101e+03 -3.906661230952820006e+03
-3.925354675515568943e+03 -3.921226999757246631e+03
-3.984726985045843776e+03 -3.981106752293949739e+03
-3.941257236775625643e+03 -3.938515687434171923e+03
