1.099452677463523287e+01
2.850385359989559220e+00
2.256016968605763395e+00
1.068138602966610051e+01
1.969817127784153854e+00
1.042666866396302794e+01
9.395454139440516883e+00
6.004007940960036649e+00
5.403151928641818813e+00
1.376889834386292932e+01
7.855749604864286084e+00
8.171049802768720838e+00
4.145963214653420437e+00
7.613205460937933822e+00
1.058137933701982547e+01
5.371628127583790047e+00
9.741911144929872535e+00
1.029282715881618060e+01
8.665271421115903649e+00
8.847549248041104875e+00
3.163937826975598000e+00
6.733068449450911430e+00
3.306900658521954028e+00
7.646203691608207009e+00
4.398739627089526039e+00
9.109419976783101447e+00
3.421666295078466646e+00
2.609973921727032575e+00
1.063064495969592826e+01
2.309516497892218467e+00
5.821907091795765155e+00
5.226865532093142974e+00
1.020509497130569798e+01
7.356901489941265027e+00
4.610783856228408695e+00
1.089503539060569892e+01
1.239760864760864933e+01
5.687241731472568063e+00
2.019233934759540716e+00
8.324992770835706324e+00
4.892118924960414006e+00
3.657313039225300599e+00
9.475107435130667000e+00
8.534838460249375203e+00
9.318409057908866089e+00
8.603143137789629691e+00
1.133806441578599333e+01
5.039057652499650430e+00
7.069154407559835818e+00
8.283136422684037825e+00
6.477976458420016570e+00
8.107241713181792875e+00
5.179681619985785801e+00
7.945837288399161480e+00
8.325674692535358190e+00
4.174755463436667924e+00
5.397081143272771442e+00
2.346743952324686688e+00
4.545493681557672971e+00
1.101673978247254126e+01
6.740584294691871037e+00
7.815136246419569943e+00
7.327878718272586411e+00
7.597241797252536344e+00
4.902556012778404693e+00
6.745418303098631441e+00
6.677308972591163183e+00
7.674863136332533031e+00
1.083523714034708973e+01
4.468408481784535979e+00
1.097211459164827829e+01
6.353522171340046043e+00
9.041564612643014698e+00
5.395657317005316145e+00
2.395564821256812138e+00
7.368428886235051323e+00
5.395765454862157640e+00
7.966473248934562434e+00
4.917570506164338440e+00
1.272492264312131738e+01
7.286694636541142245e+00
6.474859065409873438e+00
7.298201855706793140e+00
9.980829105195880402e+00
1.783105599598911795e+01
3.084651209693220153e+00
5.106453482323559001e+00
7.158320800101137138e+00
7.107208911967973108e+00
7.527507346509992203e+00
4.393549344471466611e+00
2.504573783558043942e+00
7.206418226339337707e+00
5.096722027251416876e+00
9.891924768880016927e+00
4.686068154351232806e+00
9.199297279464190069e+00
8.255351516644623189e+00
7.240465503788072965e+00
5.483098682907439070e+00
7.999876213216339238e+00
