6.893206488839496160e+00
4.616043752346740803e+00
1.302992420507325733e+01
5.493788368105015252e+00
7.549102208244221401e+00
4.324652427695582446e+00
4.243940690246745362e+00
8.553824143863494101e+00
6.942161261118599214e+00
3.484744790354852739e+00
4.968879196501802653e+00
4.524665956958415336e+00
1.528560140731133288e+01
7.483866366357688094e+00
3.575785741426443565e+00
4.211964289554089191e+00
6.190450469604911632e+00
5.285891161179279152e+00
6.732212799433909822e+00
5.171178928056178847e+00
3.881090896005844115e+00
6.250158777585056669e+00
4.256460374974267324e+00
4.164208037956996122e+00
5.308061294170329347e+00
4.012519093968876405e+00
7.402423728536632552e+00
5.712811513657470641e+00
4.703428005413115898e+00
8.474079351387445058e+00
3.792599052400873916e+00
7.803178883552391198e+00
3.552064000254176790e+00
5.392636561159633857e+00
7.712439131150858884e+00
1.403285588553444541e+00
1.260861829450095684e+01
6.865892555389109475e+00
4.674627232279817690e+00
3.478598090819104982e+00
5.093501803826256946e+00
7.612606883410080627e+00
8.201230729002418229e+00
6.701341250716723152e+00
8.378774812696065055e+00
1.013802843826579192e+01
7.152954068145845667e+00
3.424279722185019637e+00
9.095202275233532418e+00
4.893240617537230719e+00
5.190966241016212734e+00
4.908026371652340458e+00
5.819694356759100629e+00
4.384704511798190651e+00
3.732549590788039495e+00
6.568338033227519190e+00
8.707628209525410057e+00
4.914213962355461263e+00
7.155730589289305499e+00
5.602349051023793436e+00
4.416278854299889645e+00
7.245065312006772729e+00
7.928652664146284224e+00
3.231665623028675327e+00
6.306068126329591905e+00
2.314569519347060123e+00
6.272067569423597888e+00
3.383011019008336007e+00
7.292055099170283938e+00
7.325443475332576782e+00
9.616713251743021829e+00
5.444128029533203517e+00
7.793767825182840170e+00
6.884288357974583050e+00
4.978111443938360026e+00
6.131325314756395528e+00
7.089746559578998131e+00
8.268219281254459929e+00
5.978669508503116958e+00
7.838461570249819488e+00
3.938282240257649391e+00
9.615726234467729228e+00
8.865613290683540981e+00
4.328677730754407094e+00
9.144507523875290644e+00
5.645857957145381079e+00
4.932445949131761154e+00
5.775131256918939471e+00
7.529008040711232752e+00
8.659715157897153404e+00
4.164778088845196180e+00
9.044679512657239684e+00
8.755017801348003559e+00
3.418273111739836168e+00
8.409271345996785385e+00
5.340864045861053455e+00
1.588771426734274428e+01
5.608501452550626709e+00
1.493036859975291009e+00
6.122968389073321305e+00
6.648566753795194018e+01
