-1.986320591288057813e+03 -1.981526163884974721e+03
-1.978744501463753977e+03 -1.975435802339921338e+03
-1.984497912092001798e+03 -1.977900043687841162e+03
-1.947194093618518991e+03 -1.943827990110369456e+03
-1.959518929041973024e+03 -1.957040221856898597e+03
-1.966254056013094441e+03 -1.960511449180905402e+03
-2.001105856279050158e+03 -1.997562327894995178e+03
-1.969736004661388961e+03 -1.965902464835717865e+03
-1.969951757993791034e+03 -1.966891415541239212e+03
-1.944796396611333194e+03 -1.942378123433196834e+03
-1.964722748609440487e+03 -1.960214475577852909e+03
-1.957175177884451614e+03 -1.951942924357074617e+03
-1.997871173137123378e+03 -1.989740480389624508e+03
-1.975756378523513831e+03 -1.971700674529820617e+03
-1.984323671160032973e+03 -1.978529118497430773e+03
-1.983406129029750673e+03 -1.981472623727122254e+03
-2.009938626468443317e+03 -2.005773429047443415e+03
-1.989806090669084369e+03 -1.984630287757413953e+03
-1.962680035545513647e+03 -1.958581380953955204e+03
-2.003793808803347474e+03 -1.997662881382419982e+03
-1.961683998624665946e+03 -1.959136376211671859e+03
-1.937445821433420178e+03 -1.932818069824110580e+03
-1.955837127682504160e+03 -1.953813488707128727e+03
-1.995578530045747357e+03 -1.992200392036998437e+03
-1.985543692013719237e+03 -1.982283561308333674e+03
-2.003137590680189533e+03 -1.997052127155398694e+03
-1.995608889990259058e+03 -1.990522208642742271e+03
-1.966976041406177501e+03 -1.964626851450084132e+03
-1.966833123673881801e+03 -1.964917296852038362e+03
-1.986158810531963582e+03 -1.980901265911396194e+03
-1.982541580844013424e+03 -1.976717791793245624e+03
-1.972418489509472920e+03 -1.969741778007627772e+03
-1.972243797732804751e+03 -1.967685103084585990e+03
-1.966175658972003475e+03 -1.961409444092441163e+03
-1.970218526142119345e+03 -1.967392988937849168e+03
-1.963453585771162352e+03 -1.960988653363139065e+03
-1.983863506183057098e+03 -1.981029478010574849e+03
-1.998039891623507174e+03 -1.994917676824801219e+03
-1.971946370522589859e+03 -1.969612048301097957e+03
-1.992366797340615221e+03 -1.989390345855038277e+03
-1.991346542325738028e+03 -1.987442883634462078e+03
-1.997667781251453107e+03 -1.994802812338363992e+03
-1.955434709091757668e+03 -1.950637918995438213e+03
-1.977677947242827486e+03 -1.974626362996505804e+03
-1.994748224775636572e+03 -1.992063975547653854e+03
-1.971577845474812875e+03 -1.963356261191176372e+03
-1.958086693931153150e+03 -1.954158532493675466e+03
-2.004784889249770686e+03 -1.997351119823991212e+03
-1.997004980612191275e+03 -1.991631941594236650e+03
-1.970348518391000425e+03 -1.967145300707407841e+03
-1.999185196209798278e+03 -1.993104659444913523e+03
-1.996191374664133718e+03 -1.992027217702891676e+03
-1.984235213125861719e+03 -1.980003846254113341e+03
-1.964593056906834136e+03 -1.962671281786295367e+03
-1.972924182465555532e+03 -1.969258489223675952e+03
-1.969311412561397219e+03 -1.967068954877536498e+03
-1.953801439761237134e+03 -1.945858194590317453e+03
-1.997437331870255775e+03 -1.991561485633392977e+03
-1.972306139457192330e+03 -1.968636524920365900e+03
-1.983183412888258545e+03 -1.979208854631125178e+03
-1.975165923599108055e+03 -1.966872030579492957e+03
-1.971871147983315495e+03 -1.966713784990531167e+03
-1.996382045855950082e+03 -1.991048851255369300e+03
-1.978018728397055156e+03 -1.972364313799296724e+03
-1.939370401843714490e+03 -1.935935917330996745e+03
-1.969925036988003967e+03 -1.963559212440320835e+03
-1.981901859838051905e+03 -1.972973741668945195e+03
-1.977192962317953743e+03 -1.973886524862662327e+03
-1.986760720109824888e+03 -1.983600596000503629e+03
-1.994760730585183637e+03 -1.993219656588001499e+03
-1.985384755585908351e+03 -1.978050546519026966e+03
-1.956004658855727939e+03 -1.952659417909541844e+03
-1.968378666462394904e+03 -1.965375405956337545e+03
-2.000379360629616258e+03 -1.995544724811408514e+03
-1.989991879408100885e+03 -1.986440846101209672e+03
-1.978425237418492316e+03 -1.972027771554055334e+03
-1.990347693128516994e+03 -1.985501074302100506e+03
-1.972568685433803466e+03 -1.970736296283634829e+03
-1.988493378336482238e+03 -1.984671078846897217e+03
-1.985140179014087835e+03 -1.983369554682869421e+03
-1.985520318662571526e+03 -1.982042254886670435e+03
-1.989258935794328636e+03 -1.984950461012089363e+03
-1.976597983031534341e+03 -1.971855516330444743e+03
-1.969158388722879636e+03 -1.965961155266393916e+03
-1.959635289207112237e+03 -1.954525960946703663e+03
-2.002912197583028501e+03 -1.999172154164117956e+03
-1.977660136732366709e+03 -1.975823557298030664e+03
-1.993648678794235138e+03 -1.989040037655508740e+03
-1.963274916201813085e+03 -1.960789332442487648e+03
-2.019115594901632676e+03 -2.016057878919383484e+03
-1.947641521955194094e+03 -1.946226368880297969e+03
-1.955734540892594623e+03 -1.949373343547820468e+03
-1.986591939515473086e+03 -1.983873883137550592e+03
-1.971974717293279355e+03 -1.970038199173694466e+03
-1.971036060366140873e+03 -1.966254484357322553e+03
-1.964072456618187744e+03 -1.960896160796535469e+03
-1.957881626808717556e+03 -1.955490078243717562e+03
-1.981864342456349732e+03 -1.978968123517335016e+03
-1.962582617242238712e+03 -1.960491688041238149e+03
-1.970030535301411192e+03 -1.968282905991940879e+03
