9.588854806166182243e+00
6.617398247665278177e+00
1.319573680832127138e+01
6.732207016299071256e+00
4.957414370148853777e+00
1.148521366437807956e+01
7.087056768109960103e+00
7.667079651342191937e+00
6.120684905103644269e+00
4.836546356272720004e+00
9.016546063175155723e+00
1.046450705475399445e+01
1.626138549499773944e+01
8.111407987386428431e+00
1.158910532520440029e+01
3.867010605256837152e+00
8.330394841999805067e+00
1.035160582334083301e+01
8.197309183116885833e+00
1.226185484185498353e+01
5.095244825988174853e+00
9.255503218619196559e+00
4.047277950750867603e+00
6.756276017497839348e+00
6.520261410771126975e+00
1.217092704958167815e+01
1.017336269503357471e+01
4.698379912186737783e+00
3.831653643686877331e+00
1.051508924113477406e+01
1.164757810153560058e+01
5.353423003690295445e+00
9.117389296437522717e+00
9.532429759124624979e+00
5.651074408540353033e+00
4.929864816046574560e+00
5.668056344964497839e+00
6.244429597411908617e+00
4.668644442983804765e+00
5.952902971153889666e+00
7.807317382551900664e+00
5.729937826178229443e+00
9.593580192638910376e+00
6.103168492643362697e+00
5.368498455965436733e+00
1.644316856727300546e+01
7.856322874955367297e+00
1.486753885155894750e+01
1.074607803590924959e+01
6.406435367185167706e+00
1.216107352976951006e+01
8.328313922484085197e+00
8.462733743496755778e+00
3.843550241077537066e+00
7.331386483759160910e+00
4.484915367721441726e+00
1.588649034183936237e+01
1.175169247372559767e+01
7.339229073652859370e+00
7.949116514266734157e+00
1.658778603923019546e+01
1.031472598556865705e+01
1.066638920116156442e+01
1.130882919551686427e+01
6.868969025435490039e+00
1.273164909536626510e+01
1.785623633821342082e+01
6.612874910582831944e+00
6.320248218642518623e+00
3.082147994364277110e+00
1.466841813376277059e+01
6.690481892372190487e+00
6.006521012114717450e+00
9.669271636415487592e+00
7.102066613782426430e+00
1.279493172887396213e+01
9.693237652832976892e+00
3.664778300337275141e+00
7.644598979170041275e+00
3.541248662436828454e+00
6.956127551802183007e+00
8.616949564478545653e+00
9.484933402179194672e+00
6.394466912971438433e+00
1.021865652081714870e+01
7.480086837821090739e+00
3.673158868672089739e+00
9.217282277452795825e+00
4.971167518650872807e+00
6.115431964498384332e+00
2.830306149792249926e+00
1.272239468954830954e+01
5.436112755844987987e+00
3.873036239169778128e+00
9.563152017636639357e+00
6.352591643304549507e+00
4.783097129999987374e+00
5.792437878029431886e+00
4.181858402001125796e+00
3.495258618940624729e+00
4.678077413253504346e+00
