9.241433363301212012e+00
9.477080028134196255e+00
4.788533689923724523e+00
6.671802371254216268e+00
6.854207332290116028e+00
6.672281973827693946e+00
4.420431327126834731e+00
1.133181233271966448e+01
5.137871162443616413e+00
5.209540337900079976e+00
1.160583005046805738e+01
9.920763144010152246e+00
3.788895922602705468e+00
5.768466696722043707e+00
1.035411104094487200e+01
5.454916871285604429e+00
8.805508851473859977e+00
6.475102861931418374e+00
4.319985144637712438e+00
6.617490147531498224e+00
5.052111691366235391e+00
8.134721147770733296e+00
5.800049869851818585e+00
9.725443868779393597e+00
4.549214657833545061e+00
4.533386087240842244e+00
5.021304556401219088e+00
6.334557626460764368e+00
9.292825558183722023e+00
8.783614980412039586e+00
5.015380475550500705e+00
8.582355508613318307e+00
5.850891701913496945e+00
4.557412135959339139e+00
6.855410643626100864e+00
1.000337589089076573e+01
4.281423083816662256e+00
8.781320358374841817e+00
6.190681004346288319e+00
6.126346625039332139e+00
3.349304975532277240e+00
4.257671612409012596e+00
6.168202963844350961e+00
4.711491772069166473e+00
6.867626412491517840e+00
3.288773714015405858e+00
7.130404021427466432e+00
5.821032693780125555e+00
1.105873286277596890e+01
4.936399292939768202e+00
3.853770664532476076e+00
7.708488757426266602e+00
6.280566150782306067e+00
7.028472400267673947e+00
3.408401985230966602e+00
9.008634116421035287e+00
1.055686385767035063e+01
1.258226137236874820e+01
5.849806834823311874e+00
4.794772173614774147e+00
6.101352667046512579e+00
3.884876354420612188e+00
2.720040644109531058e+00
5.319389353789347297e+00
6.590651552038480077e+00
3.369037605157700455e+00
3.321198276618815726e+00
5.125057275389508504e+00
1.354015379870133984e+01
6.182980104460284565e+00
3.906948935479931606e+00
8.504755652715175529e+00
8.404599017884265777e+00
3.894946308327689621e+00
5.369612513686888633e+00
4.366833290951490198e+00
9.092629145966384385e+00
5.243862993914490289e+00
4.286056404244391160e+00
7.759493040080087667e+00
6.471938735006233401e+00
1.074463886690250547e+01
3.525496063184618833e+00
1.050064020070499282e+01
7.645729718434949973e+00
7.903716321082811191e+00
2.975084564452572522e+00
7.287604673070063654e+00
5.574848227259508349e+00
4.082494785541030069e+00
5.194720274051633169e+00
1.914561915722515550e+00
8.749416355884250152e+00
8.531463594788419869e+00
5.927374098709378814e+00
6.652303525252591498e+00
3.703747606934939540e+00
1.298542458245037778e+00
2.308948458852910335e+00
4.499778136921349869e+00
7.759878194536668161e+00
