1.326608838745437424e+01
4.797110045051226734e+00
1.062750770082470808e+01
2.623954047197912587e+00
7.908133820878788356e+00
5.753305930267970325e+00
9.067987711530577144e+00
3.498393816400948708e+00
6.574722914965491327e+00
9.408615372092981488e+00
5.657118995968517083e+00
5.856074164227948131e+00
7.355274351382945497e+00
4.767420727697071925e+00
9.732095680603038090e+00
4.433766181066516765e+00
6.125667404130467730e+00
1.009754428845144503e+01
4.694362290881372246e+00
5.815658108732463916e+00
8.972603800386877992e+00
3.408777340081314833e+00
7.561273056870277287e+00
3.668219010650091150e+00
3.242399305902608830e+00
4.233801393606199781e+00
2.521593238190803277e+00
5.347544068105207771e+00
5.606446631438529948e+00
5.765726071712947487e+00
7.488964397811400886e+00
3.371535312762262038e+00
6.980987377035603458e+00
4.774843073139095395e+00
4.088504552624954158e+00
5.953060261933956099e+00
3.079161381193557645e+00
3.318986058977429821e+00
5.415260897656480665e+00
6.360411539216670462e+00
7.145693288557936285e+00
8.850030391318796319e+00
5.588347395684763796e+00
5.094178109156132450e+00
4.484006974140356760e+00
5.287024979005764180e+00
1.491164735056042900e+01
4.975356637651657365e+00
9.860236404864622273e+00
4.906134562017200551e+00
7.939469637264437551e+00
5.981136617505171671e+00
4.692148955503512298e+00
6.775112483222869741e+00
2.164539562606591971e+00
1.206646181315727517e+01
6.986773410983118993e+00
3.828308171082312583e+00
5.272943561878832952e+00
1.097221405362017776e+01
6.504880461922311952e+00
4.056219131623947760e+00
1.023970135378806390e+01
1.709722472792236658e+00
4.453375381177238523e+00
6.661051705814315937e+00
6.790162725901723206e+00
7.442544072865871385e+00
7.578471421997278412e+00
4.455966866385210778e+00
3.744420226154034026e+00
3.579215326517669382e+00
6.785871302648047276e+00
7.506159908526797153e+00
5.811375121660717014e+00
5.029515424458736561e+00
8.288684136132360436e+00
7.004040019732315159e+00
4.104383587778215770e+00
7.369842477440670336e+00
7.867777064331903603e+00
7.254620595687129025e+00
9.058571504457063384e+00
6.416214179716575927e+00
5.193861199585171562e+00
1.004952010092313230e+01
3.526485207558494039e+00
5.108197379881744382e+00
6.508616285781499755e+00
4.887141028222004024e+00
1.580478062260726801e+01
5.094312917410434238e+00
7.134651347103272201e+00
3.240936800773852156e+00
3.561357787549241039e+00
4.784857914387430355e+00
9.180812281775274641e+00
1.643202702904920898e+01
1.214041350642173711e+01
4.077778906868616104e+00
1.005576993994043278e+01
