-3.995144644917332243e+03 -3.992082131925182694e+03
-3.997994818310070968e+03 -3.993186485540839385e+03
-3.970647383715286651e+03 -3.968287980648464327e+03
-3.936451072133948855e+03 -3.933746026680536033e+03
-3.958476667309151253e+03 -3.955845973706956556e+03
-3.954883903471427857e+03 -3.951811583419135331e+03
-3.999483174335176500e+03 -3.998406431012779194e+03
-3.991996153276119912e+03 -3.990163502011186210e+03
-4.020658693448740905e+03 -4.016407740130050570e+03
-3.944163443125127287e+03 -3.937303925351428916e+03
-3.980202403739413967e+03 -3.978216724393210370e+03
-4.018399225600324826e+03 -4.015855850242860015e+03
-3.974755789264885607e+03 -3.970280037336211990e+03
-3.997639312441364837e+03 -3.993392222754600880e+03
-3.974717637441894567e+03 -3.968940077594962531e+03
-3.986541376256990134e+03 -3.982344325879800181e+03
-3.990293221048403211e+03 -3.989215466951095095e+03
-4.014721527542081731e+03 -4.011694252398909612e+03
-3.982888315575636170e+03 -3.978617931674979900e+03
-3.977496604100528657e+03 -3.975104621915426378e+03
-3.984709928930412843e+03 -3.982076075980508449e+03
-3.970145893867209907e+03 -3.964170203249025690e+03
-3.945930695551088320e+03 -3.942609078621012941e+03
-4.010476248733383272e+03 -4.005539470487617109e+03
-3.989897335966150422e+03 -3.986609117757936019e+03
-3.986811246212557307e+03 -3.984406225203997110e+03
-3.992626263114747871e+03 -3.988371768808045999e+03
-3.970510852996549147e+03 -3.968386028819990315e+03
-3.963758772795495588e+03 -3.961464168126647110e+03
-4.024532289667817167e+03 -4.021878951570785375e+03
-3.992767396224415279e+03 -3.987676288600305725e+03
-3.972160623640153972e+03 -3.969526286301337677e+03
-3.970957648067628270e+03 -3.968208717496034296e+03
-3.977079466493443306e+03 -3.974578403133263691e+03
-3.966524061103505119e+03 -3.962414027835942761e+03
-3.960698829696567827e+03 -3.958977448487323272e+03
-3.998839991427563746e+03 -3.993563656901256309e+03
-3.960468896938220951e+03 -3.955747363422838589e+03
-3.973642351192763272e+03 -3.970040022982734627e+03
-4.000481547109280655e+03 -3.997384006125888845e+03
-3.988054656000531850e+03 -3.983325010809880041e+03
-3.998482943142168097e+03 -3.996503891683003076e+03
-3.967601222793687157e+03 -3.961679222019985446e+03
-4.022329428217455188e+03 -4.019566380270272930e+03
-4.002184298280960320e+03 -3.997521677340768747e+03
-3.996500709049700163e+03 -3.994435239405562697e+03
-3.981121308486526232e+03 -3.977411566662751738e+03
-3.973774747921119342e+03 -3.969578360810490267e+03
-3.963614051216378357e+03 -3.959998768291758552e+03
-3.996971482784886120e+03 -3.993190576686257828e+03
-4.018397988961225110e+03 -4.008215861295386730e+03
-4.009187410463874585e+03 -4.004421927639977639e+03
-4.017539153856680059e+03 -4.015457323454450034e+03
-3.995308902473031594e+03 -3.993696501176248603e+03
-3.967690103025198823e+03 -3.965397609599244333e+03
-3.974737811323287588e+03 -3.971497920477127991e+03
-3.972577214730398737e+03 -3.970965439980350766e+03
-3.942324181120490721e+03 -3.941267727956012550e+03
-4.013454211607032903e+03 -4.010710385774743372e+03
-3.994855661973509996e+03 -3.989987800273553148e+03
-4.030306073567668591e+03 -4.026401399009193028e+03
-4.005868574228975831e+03 -4.003039185116802400e+03
-3.968462501258212342e+03 -3.967499275216962360e+03
-4.004189372567168448e+03 -4.000942731885156263e+03
-3.994403907062236158e+03 -3.991259547670277243e+03
-3.985148704904071565e+03 -3.979814080431662205e+03
-4.021189340813307808e+03 -4.014093269400046665e+03
-3.983079204252408999e+03 -3.976779474046902124e+03
-3.975197447969780569e+03 -3.971260505543523777e+03
-3.975832356278755015e+03 -3.974289227484553976e+03
-3.978171486501228628e+03 -3.976352976992186996e+03
-4.014752726373358655e+03 -4.011641965047418580e+03
-3.997902483072063205e+03 -3.995640434556208675e+03
-4.006108876150834931e+03 -4.000432591240208239e+03
-3.974232104112237266e+03 -3.968836439275710745e+03
-3.982399102619510359e+03 -3.981619500834382052e+03
-4.025414269889210118e+03 -4.024142595932970380e+03
-3.995721178402798159e+03 -3.993099976651414636e+03
-3.981490832470390160e+03 -3.977337753050986521e+03
-3.990403406576753696e+03 -3.987859913676253200e+03
-3.961185175066087140e+03 -3.959810183669696016e+03
-4.012325634622361576e+03 -4.010955841226367284e+03
-4.033459538686323413e+03 -4.029853333572000793e+03
-3.964618935263173171e+03 -3.962488443843349160e+03
-3.994120034677790045e+03 -3.990542310497996823e+03
-3.995046246318497197e+03 -3.991570972809406612e+03
-4.002398528930180419e+03 -3.999933349645056296e+03
-3.995089530873367494e+03 -3.992372986360319828e+03
-3.986482437363753888e+03 -3.982697215254620005e+03
-3.972890192882991414e+03 -3.969575044396492103e+03
-4.018332459054261562e+03 -4.013916563989186670e+03
-4.002797865254780390e+03 -3.999891987119794067e+03
-3.982999639783727162e+03 -3.981362992194248818e+03
-3.982954534990531556e+03 -3.981467945970900928e+03
-3.976842117558628615e+03 -3.972066401393768501e+03
-3.972701327659365234e+03 -3.970701778905657193e+03
-4.009193240971472733e+03 -4.000114305717239858e+03
-4.000436047141348809e+03 -3.996700140178943911e+03
-4.005845487306496580e+03 -4.002209008086947506e+03
-3.962210812400693612e+03 -3.960471889631868635e+03
