6.125025984299099946e+00
9.616665538463166740e+00
4.718806133644648071e+00
5.410090906825644197e+00
5.261387204389393446e+00
6.144640104585050722e+00
2.153486644794611493e+00
3.665302529867403791e+00
8.501906637380670873e+00
1.371903554739674291e+01
3.971358692407193303e+00
5.086750714929621608e+00
8.951503857347233861e+00
8.494179373527913413e+00
1.155511969386407145e+01
8.394100754379905993e+00
2.155508194616231776e+00
6.054550286344237975e+00
8.540767801312540541e+00
4.783964370204557781e+00
5.267705899808788672e+00
1.195138123636843375e+01
6.643233860150758119e+00
9.873556491532326618e+00
6.576436416428805387e+00
4.810042017120395030e+00
8.508988613403744239e+00
4.249648353117663646e+00
4.589209337696956936e+00
5.306676194063584262e+00
1.018221524821910862e+01
5.268674677632589010e+00
5.497861143187947164e+00
5.002126720359228784e+00
8.220066535124715301e+00
3.442762418489110132e+00
1.055266905261487409e+01
9.443067030764723313e+00
7.204656420057290234e+00
6.195081966783618554e+00
9.459290381303617323e+00
3.958102918330041575e+00
1.184400154740342259e+01
5.526095894364516425e+00
9.325241880383146054e+00
4.130939288274930732e+00
7.419483647548986482e+00
8.392774221258150646e+00
7.230565849239610543e+00
7.561812197256585932e+00
2.036425533167675894e+01
9.530965647793891549e+00
4.163660804460050713e+00
3.224802593565982534e+00
4.584986851908979588e+00
6.479781692319193098e+00
3.223549500095941767e+00
2.112906328956341895e+00
5.487651664579061617e+00
9.735723399913695175e+00
7.809349116951125325e+00
5.658778224346860952e+00
1.926452082499963581e+00
6.493281364024369395e+00
6.288718783917829569e+00
1.066924894481871888e+01
1.419214282652228576e+01
1.259946041101375158e+01
7.873884852513583610e+00
3.086257588402077090e+00
3.637019018083265109e+00
6.221522651880150079e+00
4.524097031709061412e+00
1.135256982125338254e+01
1.079132967305304192e+01
1.559203570256613602e+00
2.543347912479475781e+00
5.242403502767047030e+00
8.306158838807277789e+00
5.086985801000992069e+00
2.749982792782247998e+00
2.739586791988585901e+00
7.212410228645239840e+00
4.260982839648022491e+00
7.155448359586443985e+00
6.950547018181168824e+00
4.930358570248245087e+00
5.433089026095331064e+00
7.570444218267766701e+00
6.630296972998621641e+00
8.831790130149784090e+00
5.811756269972647715e+00
3.273295178956686868e+00
2.973178039261256345e+00
9.551432329720228154e+00
3.999097507416081498e+00
1.815787050846574857e+01
7.471813924809794116e+00
7.272958439098147210e+00
3.477845537649955077e+00
1.336451622595259323e+02
