9.788869732112289057e+00
5.587126070357953722e+00
4.144703932528955193e+00
4.830878922063902792e+00
4.777041322816558022e+00
7.818424564924271181e+00
8.379249441150477651e+00
5.891923643104519215e+00
4.181862648242486102e+00
6.190286001155982376e+00
4.684849546874829684e+00
7.342414263329146706e+00
9.344451073435720900e+00
5.385005618949662676e+00
1.020570398846007265e+01
4.339845840111365760e+00
5.677220834551917505e+00
1.649016127724235048e+01
4.280648992054693736e+00
2.580146684955934688e+00
3.610833408478129058e+00
2.990306814915811628e+00
4.892868613301970981e+00
7.165831608278949716e+00
6.325887211811505040e+00
4.994887218704207044e+00
6.509390960402924975e+00
2.090183192515269184e+00
6.165125684473650836e+00
4.601722457734922500e+00
6.245453359215844102e+00
5.636197653996077861e+00
1.199086500575049286e+01
5.283568202611832021e+00
5.613569558929157211e+00
4.329867368912118764e+00
8.000769877541870301e+00
1.012273131393476433e+01
3.637667693793900980e+00
8.673412786186418089e+00
3.554128048699112696e+00
4.797425120609204896e+00
3.845232110393681069e+00
9.769264416991518374e+00
4.539592223205090704e+00
6.057021668500283340e+00
4.365643469087217454e+00
3.625378426175075219e+00
4.798287045763800052e+00
3.159996157812202000e+00
1.418231611923283708e+01
5.946101555752193235e+00
5.349138906979078456e+00
5.643101154287023746e+00
1.077269961705701462e+01
8.688425351315117950e+00
2.644060180480664712e+00
9.144691292913876168e+00
7.297679795131216451e+00
4.732115979674972550e+00
5.398786781005128432e+00
2.051428403022100611e+00
3.432273774505119945e+00
7.028160043874095209e+00
4.650800098182116926e+00
4.432271271319677908e+00
9.038029692593681830e+00
4.384627900484247220e+00
5.238759244194852727e+00
4.739387071620512870e+00
5.591863951448658554e+00
5.151710358368745801e+00
9.033092810447442389e+00
4.525641203830218728e+00
4.804900640061305239e+00
8.314168415248332167e+00
5.087776519791987084e+00
8.419724820656028896e+00
5.549493800051095604e+00
7.235032319318634109e+00
3.015942872746791181e+00
7.582742979011072748e+00
3.263733019455230533e+00
3.424801365446455748e+00
7.442567304915883142e+00
6.034022118088842035e+00
5.981165728362611844e+00
1.467841995854973902e+01
1.055998925304015756e+01
2.949849026907031657e+00
2.730822061580965965e+00
7.812155978471992057e+00
4.228396238525419903e+00
2.976792180294751233e+00
1.130646728588135375e+01
1.057681239856356115e+01
4.470553641355763830e+00
9.620302393363090232e+00
3.124513415473074929e+00
9.167235462719418138e+00
5.227152763063941165e+01
