-7.710047488979538684e+03 -7.709223211566561076e+03
-7.656560261998349233e+03 -7.670597324129305889e+03
-7.655105441204515955e+03 -7.652836421463434817e+03
-7.664117158312245010e+03 -7.663004726298260721e+03
-7.695418699070692128e+03 -7.693587518655994245e+03
-7.637343159989311062e+03 -7.634799322429518725e+03
-7.639247744891831644e+03 -7.644489018821055652e+03
-7.705760907293117270e+03 -7.719142441612681068e+03
-7.680454301937291348e+03 -7.686535931130945755e+03
-7.645673691862388296e+03 -7.643884886375192764e+03
-7.702952439670923923e+03 -7.702271092307635627e+03
-7.642962936338002692e+03 -7.641510697956829972e+03
-7.657159176737103735e+03 -7.654847709187339206e+03
-7.660016777609020210e+03 -7.658192901533677286e+03
-7.707808479193588937e+03 -7.709654869254758523e+03
-7.645052523506286889e+03 -7.656603111199834530e+03
-7.627285844744530550e+03 -7.625388983411986374e+03
-7.707291995782367849e+03 -7.705614736359253584e+03
-7.660595636573008051e+03 -7.659089357409652621e+03
-7.659581127449278029e+03 -7.656946691036354423e+03
-7.666609113418901870e+03 -7.665581278218827720e+03
-7.615154757047277599e+03 -7.615566746174700711e+03
-7.657933452562802813e+03 -7.662656435251047697e+03
-7.684852354257834122e+03 -7.683102779359045599e+03
-7.669720032836561586e+03 -7.667077797679667128e+03
-7.720422201415122800e+03 -7.718805118844060416e+03
-7.654776642617172001e+03 -7.652831500415948540e+03
-7.674941050466051820e+03 -7.673520447314256671e+03
-7.720180924049823261e+03 -7.718321064113907596e+03
-7.626776933687041492e+03 -7.623652381142944250e+03
-7.706036630579847042e+03 -7.702871317309703954e+03
-7.664913482273348563e+03 -7.663817043096020825e+03
-7.659909405200975016e+03 -7.657284738805454253e+03
-7.709738541156356405e+03 -7.703846164617592876e+03
-7.711928941492628837e+03 -7.709051659204463249e+03
-7.694438508290489153e+03 -7.691036734248578796e+03
-7.643878323952981191e+03 -7.641038384381818105e+03
-7.637839601901324386e+03 -7.636310291425720607e+03
-7.664284869892680945e+03 -7.661321283255174421e+03
-7.761906583742581461e+03 -7.755015894921651125e+03
-7.668823351193456801e+03 -7.667299985001281129e+03
-7.683078027922061665e+03 -7.679795269577341969e+03
-7.668709712859398678e+03 -7.666985170836022007e+03
-7.674198428577116829e+03 -7.671494579130698185e+03
-7.723339405985460871e+03 -7.720735011962123281e+03
-7.676080462614154385e+03 -7.674058031961839333e+03
-7.680322542188730040e+03 -7.676643708099085416e+03
-7.673475417441060017e+03 -7.669605885916941588e+03
-7.670470765349487920e+03 -7.666284333810628596e+03
-7.685859373019354280e+03 -7.682952152939069492e+03
-7.651863375274193459e+03 -7.650439719804020569e+03
-7.668440137873697495e+03 -7.666719331793647143e+03
-7.688289559843465213e+03 -7.686364966397153694e+03
-7.676310608224892349e+03 -7.673198705035909370e+03
-7.685548067266830913e+03 -7.683266496834522513e+03
-7.670164766678153683e+03 -7.668529438764709994e+03
-7.689341891886790108e+03 -7.685116749787814115e+03
-7.645044604552064811e+03 -7.640600408247462838e+03
-7.674545952693250001e+03 -7.671762290362426938e+03
-7.725882568780849397e+03 -7.723542500161265707e+03
-7.701935316072123896e+03 -7.700136284743411125e+03
-7.675341039298101350e+03 -7.672444015315032630e+03
-7.660292308220167797e+03 -7.655809474786701685e+03
-7.658552029131024028e+03 -7.656250911668643312e+03
-7.695345380284526073e+03 -7.694092602968056781e+03
-7.687282777789464490e+03 -7.685579124560948912e+03
-7.704699149026971099e+03 -7.701611833593838128e+03
-7.711554106008322378e+03 -7.709142405174245141e+03
-7.617758136403068420e+03 -7.615561600274288139e+03
-7.629963463329776459e+03 -7.628759265777925066e+03
-7.672991999897622918e+03 -7.671199793390185732e+03
-7.728753449705855928e+03 -7.727106189822231499e+03
-7.679097689936865208e+03 -7.673376165493222288e+03
-7.667126465845311031e+03 -7.665366161151858250e+03
-7.691182070295536505e+03 -7.688495800202939790e+03
-7.666288546835322450e+03 -7.661879453201519937e+03
-7.669157736861521698e+03 -7.668020559768524436e+03
-7.652262448904812118e+03 -7.649991438952224598e+03
-7.665879328028240707e+03 -7.662756254080978579e+03
-7.681696678476140733e+03 -7.680476976005927099e+03
-7.678959135726418026e+03 -7.677423439717003021e+03
-7.665939991626691153e+03 -7.661945464398524564e+03
-7.729481113862896564e+03 -7.726399857972804966e+03
-7.681164235050545358e+03 -7.679557452703216768e+03
-7.691011218524429751e+03 -7.688855543652972301e+03
-7.648203941439208393e+03 -7.643224857046764555e+03
-7.723958020661965747e+03 -7.719533984217448960e+03
-7.678204244260861742e+03 -7.675772155379735523e+03
-7.686578782700162265e+03 -7.683943867628830048e+03
-7.693869776906777588e+03 -7.689275347025265546e+03
-7.688021727758179622e+03 -7.683959772496974438e+03
-7.699113381800358184e+03 -7.694732412525791005e+03
-7.691502290290612109e+03 -7.687720113163646602e+03
-7.685154503862483580e+03 -7.683666367629348315e+03
-7.670491107883659424e+03 -7.666091638455633984e+03
-7.692311463242201171e+03 -7.688259004868937154e+03
-7.676021652250857187e+03 -7.671985612869239958e+03
-7.646282548006497564e+03 -7.643280291109807877e+03
-7.683173401905378341e+03 -7.678148461006556317e+03
-7.703687646435570969e+03 -7.701639577746777832e+03
