1.648554825955216074e+00
-2.807412426191331178e+01
4.538039482162275817e+00
2.224864027968578739e+00
3.662360829395765904e+00
5.087675119584673666e+00
-1.048254785844801518e+01
-2.676306863912759582e+01
-1.216325838730881514e+01
3.577610974391063792e+00
1.362694726576592075e+00
2.904476762345439056e+00
4.622935099529058789e+00
3.647752150685846573e+00
-3.692780122339172522e+00
-2.310117538709528162e+01
3.793722665088353097e+00
3.354518846228529583e+00
3.012558326710859546e+00
5.268872825847211061e+00
2.055670400148301269e+00
-8.239782548462244449e-01
-9.445965376489766641e+00
3.499149797577047138e+00
5.284470313788915519e+00
3.234165142124766135e+00
3.890284402446923195e+00
2.841206303590297466e+00
3.719719871831330238e+00
6.249105088194482960e+00
6.330626540286175441e+00
2.192878354655476869e+00
5.249332791041524615e+00
1.178475307752705703e+01
5.754564576331176795e+00
6.803548083820714965e+00
5.679879142326171859e+00
3.058620951207558392e+00
5.927173275013046805e+00
1.378137764186067216e+01
3.046732384351344081e+00
6.565516689439391484e+00
3.449084046753341681e+00
5.407698892837288440e+00
5.208788046675181249e+00
4.044861304630103405e+00
7.357668179289248656e+00
7.739063048236857867e+00
8.372863077718648128e+00
5.814440160569574800e+00
2.847310940345778363e+00
3.441612160100703477e+00
3.849186892623038148e+00
6.223806377965956926e+00
4.563140864616798353e+00
3.270655826887377771e+00
8.450284197951987153e+00
8.888392609203947359e+00
5.567324661646125605e+00
4.680137239167379448e+00
3.598062657425543875e+00
5.794047966137441108e+00
8.965666866932224366e+00
4.602234924761432922e+00
2.505554632938583381e+00
3.407306457031154423e+00
6.174630866265943041e+00
4.823401668154474464e+00
4.393072257560561411e+00
2.408395103702787310e+00
3.584413014874371584e+00
3.294519767248857534e+00
1.144304888728584046e+01
3.520609386905562133e+00
5.372540185193429352e+00
8.818187267605026136e+00
2.274354185994525324e+00
4.542019905175038730e+00
6.246147894524256117e+00
2.439404940427266411e+00
3.071392018830010784e+00
7.989054456333178678e+00
6.162511780183194787e+00
3.213564694657179643e+00
4.311349742914899252e+00
9.958168784887675429e+00
8.848072889033574029e+00
4.864177762252438697e+00
5.269830142664432060e+00
9.188859763024083804e+00
8.123910522410369595e+00
8.761938549134356435e+00
7.564354253931014682e+00
2.976272466270529549e+00
8.798938856050881441e+00
8.104916746528033400e+00
8.072078763234458165e+00
6.004513793379373965e+00
1.004988179764404777e+01
4.096137377586273942e+00
3.663936616653481906e+02
