-4.028829265340940537e+02 -3.999902153740885637e+02
-3.918307065635762569e+02 -3.879486711421856171e+02
-4.013671592966085200e+02 -3.978264492645985229e+02
-3.882048831424577315e+02 -3.853492826246277332e+02
-3.894408940521998375e+02 -3.862929060127430603e+02
-4.057350918372823685e+02 -4.028673820273309047e+02
-3.873622717188038678e+02 -3.846401348932876090e+02
-4.059297158053518046e+02 -4.030758873403737539e+02
-3.717974032230278567e+02 -3.680754556754566806e+02
-3.992232697708778346e+02 -3.974314598640603435e+02
-3.921132150506846870e+02 -3.893638518983725589e+02
-3.866433015412168857e+02 -3.849842620295880238e+02
-4.054717943777915821e+02 -4.047306077579415273e+02
-3.950146501190228037e+02 -3.919642463709342906e+02
-3.906992340759649096e+02 -3.857263139107696475e+02
-4.011101910210366555e+02 -3.981022098797933495e+02
-3.906310938900421661e+02 -3.856965222586217692e+02
-3.979226803252636842e+02 -3.951120300114446309e+02
-3.892940394298626643e+02 -3.867584525309964079e+02
-3.843548214099694746e+02 -3.819490288990223803e+02
-3.858813478375619752e+02 -3.836080842318879149e+02
-3.954953224888755017e+02 -3.935804110822102189e+02
-3.964942320954916681e+02 -3.949446214049752939e+02
-4.015220370145082143e+02 -3.983474129651413591e+02
-3.763900232460862867e+02 -3.735421653214714297e+02
-3.981779084371458453e+02 -3.963148684107626423e+02
-4.018201326530262918e+02 -4.003088306872618318e+02
-3.882968094313886809e+02 -3.863659043908369881e+02
-3.938599598487385833e+02 -3.902488720945333966e+02
-4.014702136351410218e+02 -3.962681407371942441e+02
-4.051286277304265582e+02 -4.002688332133632798e+02
-3.901253624619139941e+02 -3.866802363538457712e+02
-3.934691616301696513e+02 -3.913997163010214990e+02
-3.968964165817948810e+02 -3.944405691146973254e+02
-3.931421579475280623e+02 -3.909836152670192178e+02
-4.057083872379866989e+02 -4.009098594020345558e+02
-3.686592016544478270e+02 -3.666722548168646085e+02
-3.974169644388494476e+02 -3.949580391337837568e+02
-3.845882321713954752e+02 -3.809539291943092394e+02
-4.028052164435551958e+02 -3.996391596912519617e+02
-3.884446287078767455e+02 -3.860258273929966322e+02
-4.038702363564360098e+02 -4.007124504461712036e+02
-4.088841946930513132e+02 -4.062935464247966593e+02
-3.940860466776923658e+02 -3.882273081716177785e+02
-3.883452005965796729e+02 -3.851111722017386114e+02
-3.984414741641032265e+02 -3.955088757419522949e+02
-3.964670476057029873e+02 -3.946256832095399432e+02
-4.020862986121347262e+02 -3.995563507257248261e+02
-3.832561441848937989e+02 -3.773293190557384378e+02
-3.898698742780615589e+02 -3.870628792909207618e+02
-3.855408537337274311e+02 -3.846991542320200210e+02
-4.014574531532192623e+02 -3.979330095427864080e+02
-3.927402059425939456e+02 -3.885559801500568824e+02
-3.956867688133556271e+02 -3.901192780738541046e+02
-3.813964751150543293e+02 -3.806562135413387864e+02
-3.970140293716613087e+02 -3.955231159335960456e+02
-3.989359853539918959e+02 -3.971952426685314776e+02
-3.955647055762846662e+02 -3.929365083881741612e+02
-3.928755448941756185e+02 -3.888132297267180775e+02
-3.967495311307380916e+02 -3.947267124073133004e+02
-3.861728699517041150e+02 -3.822617495361524220e+02
-3.961863561485815808e+02 -3.930149013478461484e+02
-3.981167338246238501e+02 -3.905003682915393597e+02
-3.909211245521194655e+02 -3.873274915262658169e+02
-3.963255335926453995e+02 -3.935079226293533452e+02
-3.981239103595258939e+02 -3.948062435624806881e+02
-3.899640732563598817e+02 -3.871015941853632967e+02
-3.870267149736709484e+02 -3.785895604025505463e+02
-3.918986154022823030e+02 -3.887040778567902635e+02
-4.002655702417249586e+02 -3.964762541189093668e+02
-3.876412337054447903e+02 -3.861650195641438472e+02
-3.915616676986135190e+02 -3.889130491318820759e+02
-3.981180811257974028e+02 -3.921661575259151959e+02
-3.938251861159923806e+02 -3.919870280823151347e+02
-3.976132508314415190e+02 -3.944233837461965777e+02
-4.096281629810900995e+02 -4.060197472629949971e+02
-4.059816998235311303e+02 -4.029942964333122859e+02
-3.939524187976040821e+02 -3.885396249786521707e+02
-3.937995256057693609e+02 -3.892801526448120057e+02
-3.988138971370161698e+02 -3.957121320990474942e+02
-4.006966178635616984e+02 -3.972985762691311038e+02
-3.920241708430643826e+02 -3.892604863711094936e+02
-4.009799670049316660e+02 -3.987898298271582007e+02
-4.002390765020420531e+02 -3.971425134410857822e+02
-4.002743902489063998e+02 -3.954383227108081087e+02
-3.959322451924424513e+02 -3.918965210670331771e+02
-3.883775523171897817e+02 -3.862048300975778261e+02
-3.811883568125315946e+02 -3.791727795162369716e+02
-3.987492642886501812e+02 -3.954609748249230279e+02
-4.012283544726370224e+02 -3.971259137758225393e+02
-4.061110820180754786e+02 -4.037694877946740348e+02
-3.981775904683344152e+02 -3.949978638694005895e+02
-3.955518228736639799e+02 -3.910930579776211289e+02
-4.003017760647041996e+02 -3.980142688460335307e+02
-3.859876995394100732e+02 -3.830094777612557664e+02
-3.941434774252625175e+02 -3.902072916028324130e+02
-3.909341732520655910e+02 -3.877618771893589269e+02
-3.866727642789115862e+02 -3.840682597145579962e+02
-3.852422652324676733e+02 -3.805670927049351349e+02
-3.867876551746974201e+02 -3.808896494097608070e+02
