5.785422320010980002e+00
7.764070842781279680e+00
7.081420064019994243e+00
5.711201035659996705e+00
6.295976078913554375e+00
5.735419619902927479e+00
5.444273651032517591e+00
5.707656929956101521e+00
7.443895095142352147e+00
3.583619813634982165e+00
5.498726304624256045e+00
3.318079023257723748e+00
1.482373239700109480e+00
6.100807496177026223e+00
9.945840330390524286e+00
6.015962282486611912e+00
9.869143262840793795e+00
5.621300627638106562e+00
5.071173797732512867e+00
4.811585021894188685e+00
4.546527211348120545e+00
3.829822813330565623e+00
3.099221381032748468e+00
6.349248098733710322e+00
5.695715849229713967e+00
3.726080052766405970e+00
3.022603931528919929e+00
3.861810081103385528e+00
7.222175508410373368e+00
1.040414579589355526e+01
9.719589034126556726e+00
6.890252216136445895e+00
4.138890658296304537e+00
4.911694934195111273e+00
4.317085361017689138e+00
9.597055671904286100e+00
3.973893675166436878e+00
4.917850610131381472e+00
7.268605954172471684e+00
6.332113504606468268e+00
4.837602629760226591e+00
6.315571820529612523e+00
5.181296536509307771e+00
1.171747701214917470e+01
6.468056789682123053e+00
5.865196844301863166e+00
3.682728792326088296e+00
5.059895772819800186e+00
1.185365025831072217e+01
5.613989974281594186e+00
1.683399003414820072e+00
7.048887220865708514e+00
8.368451585074126342e+00
1.113498147900304502e+01
1.480523147431085818e+00
2.981826876130526216e+00
3.481485370920836431e+00
5.256394376221010134e+00
8.124630334915082130e+00
4.045637446849582375e+00
7.822240831103385972e+00
6.342909601470864800e+00
1.523273106616898076e+01
7.187266051707297265e+00
5.635221926584108587e+00
6.635333594090411680e+00
5.724958141993170102e+00
1.687430914224080425e+01
6.389075090984078997e+00
7.578632245631183650e+00
2.952428282601886167e+00
5.297237133462886050e+00
1.190384719976441374e+01
3.676316067354491679e+00
6.379734170489882672e+00
7.216831436190204840e+00
5.974806780437688758e+00
1.082558763790382272e+01
9.038745921914710379e+00
6.203530075937351285e+00
6.796083188861189228e+00
5.527368943909777954e+00
4.380274355546930565e+00
6.193126121912541748e+00
9.672135076196582304e+00
8.071448250818548331e+00
4.345444439223911104e+00
4.031154592589246022e+00
6.576578927454306722e+00
8.204881393628966180e+00
4.683188446802887483e+00
6.359453197867651397e+00
8.917529792085701956e+00
4.575014437341337725e+00
5.956443556308613552e+00
7.872371644860209017e+00
6.344592125413328176e+00
5.209009128707180025e+00
9.350345055065076849e+00
1.179601152987322621e+01
6.569735387643959257e+00
