-7.941654901427733648e+02 -7.895447734611227588e+02
-7.890787478837739854e+02 -7.843402078697068873e+02
-7.939526218917729921e+02 -7.915583550468111298e+02
-7.921611762750113712e+02 -7.888252750893842631e+02
-8.035669622943380546e+02 -8.001398586281929965e+02
-7.937536944444941582e+02 -7.904175534575803113e+02
-7.995072254207284459e+02 -7.972970097571650285e+02
-7.904876596345017106e+02 -7.848217534681418783e+02
-7.791853896923080356e+02 -7.766164541110862274e+02
-7.908795603540623915e+02 -7.882747901851123515e+02
-7.950287041807083597e+02 -7.892257891554743310e+02
-8.032099879176342938e+02 -7.982496063456292177e+02
-7.973286764995468729e+02 -7.954342285382455202e+02
-7.926275816688433906e+02 -7.897433483204823688e+02
-7.988379053474706097e+02 -7.936608498269981737e+02
-7.826741284964060696e+02 -7.799466700607632674e+02
-7.853770257004088080e+02 -7.809742712746718780e+02
-8.077602314130135710e+02 -8.045226799820478618e+02
-7.970854921391520520e+02 -7.949254995668331958e+02
-7.821058809658329665e+02 -7.787971358920672174e+02
-8.225290941844707504e+02 -8.200030383387876327e+02
-7.921709270461572032e+02 -7.881035664722718366e+02
-8.052465724863933474e+02 -8.023465475514674381e+02
-7.920855238013606368e+02 -7.872228018669709400e+02
-8.019758951529618116e+02 -7.997012878240450391e+02
-7.891635822461842054e+02 -7.868968892025637842e+02
-8.107616318550794858e+02 -8.082509795768788763e+02
-7.818468796514697488e+02 -7.786796008382393666e+02
-7.933916206845005945e+02 -7.887452079054087335e+02
-8.058855300930592875e+02 -8.014937226028532677e+02
-8.028434857544954184e+02 -8.003357955167201681e+02
-7.933036086013670456e+02 -7.890124308470603864e+02
-7.722317533080016574e+02 -7.693063074570449089e+02
-7.904639546875861242e+02 -7.881852486196064547e+02
-7.888669513689965243e+02 -7.854392460471834738e+02
-7.819933389168098756e+02 -7.769916509713644928e+02
-7.990086438294650861e+02 -7.968679322875567550e+02
-8.050284843053142367e+02 -8.006378241261268158e+02
-7.920879106905116487e+02 -7.889925701883385045e+02
-7.963563969179040214e+02 -7.932932236053843553e+02
-7.928086657774280184e+02 -7.911340132896618798e+02
-7.869371073746170850e+02 -7.848082715684125787e+02
-8.077286812146127204e+02 -8.046445797326905449e+02
-8.050116618119519671e+02 -8.026559159259173839e+02
-8.078902002838559611e+02 -8.044563870776102021e+02
-8.041801853070655852e+02 -8.025357984500578823e+02
-7.912362623063145293e+02 -7.876710602956007961e+02
-8.062094203848820371e+02 -8.032989040379919743e+02
-7.981592165396934888e+02 -7.926298501083055044e+02
-7.970163647878571282e+02 -7.945481651413872441e+02
-8.079664029299802905e+02 -8.060395175977140525e+02
-7.944170120061211264e+02 -7.905627676274079931e+02
-8.066432230196496675e+02 -8.035029399442585145e+02
-8.061983421525355880e+02 -8.026841059524017510e+02
-7.940461010007868481e+02 -7.923419000081713648e+02
-8.154957247059420524e+02 -8.109914076477315348e+02
-7.814188460414447945e+02 -7.761404141126096192e+02
-8.021839246750857910e+02 -7.958927939889014169e+02
-7.958972952542085295e+02 -7.929723918367968736e+02
-7.912604688041877807e+02 -7.888630827173803937e+02
-7.700345949425732215e+02 -7.669839186090499652e+02
-7.887984586084847933e+02 -7.868560204312744872e+02
-8.059967857842939338e+02 -8.046367654622391683e+02
-8.065241306426340770e+02 -8.038644359657394034e+02
-7.825760326506191404e+02 -7.792807068745999004e+02
-7.817077322207397856e+02 -7.800232134181609354e+02
-7.946057972527870561e+02 -7.929451981144776482e+02
-7.991116470018270093e+02 -7.965491183641322550e+02
-7.731751203141604947e+02 -7.664050434148098248e+02
-7.927270405234479540e+02 -7.896355504712178117e+02
-8.029878486492909815e+02 -8.010343741815510157e+02
-7.992820060869152030e+02 -7.950296282605576152e+02
-7.982951010328011989e+02 -7.940928015238590660e+02
-8.019837143993364634e+02 -8.000362412451726186e+02
-7.947271060740156372e+02 -7.920422998171721929e+02
-7.663107167946348000e+02 -7.641273001491590549e+02
-8.090430401827858304e+02 -8.044967256098026382e+02
-8.168031669322689368e+02 -8.141812354353116916e+02
-7.723858586136814210e+02 -7.702428304115592255e+02
-7.965043529414839441e+02 -7.926246064214439002e+02
-7.906776237062770178e+02 -7.874416543387739011e+02
-8.113090429763345810e+02 -8.059367235428833283e+02
-7.856603003215976742e+02 -7.838975522900053647e+02
-8.041550780627216000e+02 -7.989047579623691036e+02
-7.940439000455705809e+02 -7.902210351863531059e+02
-7.803738814206018333e+02 -7.764220232600604277e+02
-7.842602184917353725e+02 -7.827726762095090862e+02
-7.956594200885700729e+02 -7.920156177520350411e+02
-7.917980128292192603e+02 -7.890105887155895061e+02
-7.947621810978888561e+02 -7.927209337051183411e+02
-7.767694738600453093e+02 -7.741721137230194927e+02
-8.056909517275101962e+02 -8.047336707696489384e+02
-7.864471951362723985e+02 -7.820724869583302734e+02
-7.938399602385345588e+02 -7.895742284411403489e+02
-7.960551498966308372e+02 -7.930914628472761478e+02
-8.107697087415592705e+02 -8.074435569789329747e+02
-7.942658378043690846e+02 -7.924139640009016148e+02
-7.971525806652407482e+02 -7.965033094361182293e+02
-8.049916409364099081e+02 -8.038371667069834530e+02
-8.121584635173090874e+02 -8.099085744488484124e+02
