8.614152784163707111e+00
1.355126334393116849e+01
7.351640976946328010e+00
5.070328281922229507e+00
3.291981779192610702e+00
5.133715411268894968e+00
1.081142445350997150e+01
7.355162178076170676e+00
4.691428170497601968e+00
6.258456348639811040e+00
4.548400262921859394e+00
6.364944559501054755e+00
3.755976393705168448e+00
6.041395079326321138e+00
6.089265254208839906e+00
2.563288605735579040e+00
2.059541159250329656e+00
4.753620593307459785e+00
4.283067799623495375e+00
8.494553234862905811e+00
2.376530072695459239e+00
5.390067641426867340e+00
3.564238213749376882e+00
5.282118222966346366e+00
2.740138862510320905e+00
3.103216362804232631e+00
4.330527403501946537e+00
6.800367765565169975e+00
8.950459753395080043e+00
5.117196591774700209e+00
7.094705483101279242e+00
2.022326686838823662e+00
5.535749620820752170e+00
3.310260930366894172e+00
6.674628387322627532e+00
4.842970481578049657e+00
3.558527558255264012e+00
5.795652857580535056e+00
2.925346823478321312e+00
7.793691451971426432e+00
3.749117709303391166e+00
2.008870209541237273e+01
5.431174192166508874e+00
1.626296512983572029e+00
3.099268589257007989e+00
7.035734467256588687e+00
6.351495831870124675e+00
7.120771542370675888e+00
1.015291302379409899e+01
4.156299694456720317e+00
2.072010726064945629e+00
9.005976814394671237e+00
9.012522655086286250e+00
3.188779308833545656e+00
7.965728925965777307e+00
2.500935233913878619e+00
7.149983573091049038e+00
4.761951389823479985e+00
3.501662408301854157e+00
3.065415635849603859e+00
8.319758375401761441e+00
1.064195862620363187e+01
3.555708168832097726e+00
6.121701195321293199e+00
3.506050088978554413e+00
4.547543816197503475e+00
2.822378363766802067e+00
1.015906058860946359e+01
8.794524663408083143e+00
3.498789506023058493e+00
5.364190123477783345e+00
2.149660806049723760e+00
3.126922017881952343e+00
6.962102997651527403e+00
5.847540290374126926e+00
5.180636718007917807e+00
6.841974876043423137e+00
1.479592688900356734e+01
6.194028001767946989e+00
7.312279801350086927e+00
8.752821170285642438e+00
4.198363128400160349e+00
2.827664496899160440e+00
5.929746556092140963e+00
5.164406823253557377e+00
3.227415201615258411e+00
1.811359439938314608e+00
9.172583522035893111e+00
7.314167213364271447e+00
3.764723474148013338e+00
7.612706174486447708e+00
5.561232966195348126e+00
2.545151671043640818e+00
5.376643718729610555e+00
6.512046850185470248e+00
3.896044678130238026e+00
5.034557125819446810e+00
5.595809150839158974e+00
1.209105000472391112e+01
4.883675956603838131e+00
3.157499977220140863e+00
