-6.174665836889330421e+02 -6.125721488228768976e+02
-6.147189423830842543e+02 -6.119253793479052774e+02
-6.253041029405833342e+02 -6.232317509743188566e+02
-6.050516640887185531e+02 -6.026362246276866017e+02
-6.251728496076123065e+02 -6.227843289462040275e+02
-6.134030544960787665e+02 -6.094938422136166309e+02
-6.092304741534067034e+02 -6.050408494328314646e+02
-6.241551753413464212e+02 -6.212092135197941616e+02
-6.238882195222711289e+02 -6.217972881981498858e+02
-6.368099416424267929e+02 -6.337147986418488017e+02
-6.044159355956426225e+02 -6.020735108222052077e+02
-6.098074175596872237e+02 -6.061362104280226504e+02
-6.198582174020086768e+02 -6.151859918652908163e+02
-6.285116959117744955e+02 -6.258191931022996641e+02
-6.036495466548824425e+02 -5.985466946606524061e+02
-6.052328488965373481e+02 -6.030629259764816652e+02
-6.188984762967170354e+02 -6.160598658794410767e+02
-6.113510439308031437e+02 -6.031059632921819684e+02
-6.137283004687400307e+02 -6.115879759727126839e+02
-6.268621572286747323e+02 -6.255720838861967650e+02
-6.234030053345114766e+02 -6.215975886302724120e+02
-6.225551210212587421e+02 -6.210599676138008363e+02
-6.131166988214176854e+02 -6.106702645147666999e+02
-6.231621280437201449e+02 -6.195792122395806700e+02
-6.207050518282014764e+02 -6.175421082222957239e+02
-6.188904106920160757e+02 -6.163929670826639722e+02
-6.121304931074146225e+02 -6.088757976272131600e+02
-6.153893266518136898e+02 -6.143442350555560552e+02
-6.148213246648666654e+02 -6.117387618226298400e+02
-6.128562326160217708e+02 -6.105553713871543096e+02
-6.070471491964677853e+02 -6.039244225168598632e+02
-6.226066306263830938e+02 -6.197885317993850549e+02
-6.331463736641464948e+02 -6.271509411612712483e+02
-6.100546127325214911e+02 -6.074128286312155751e+02
-6.329142773894486709e+02 -6.301074926099840923e+02
-6.000331164842815497e+02 -5.978681827998254903e+02
-6.094300254483641766e+02 -6.054296405095932414e+02
-6.272086066473808614e+02 -6.221472409904134793e+02
-6.211941695861455628e+02 -6.193753357392486123e+02
-6.197182438785614522e+02 -6.153815374854682432e+02
-6.159590936965171295e+02 -6.141820296721675732e+02
-6.109466820888681013e+02 -6.085479695285634989e+02
-6.125485587504683735e+02 -6.106259426952715330e+02
-6.325982670324215178e+02 -6.277136348239257586e+02
-6.216733629214152188e+02 -6.194035668098126735e+02
-6.163694129554312440e+02 -6.133409021211811023e+02
-6.051418948145384320e+02 -6.029590730799948233e+02
-6.163822133224383606e+02 -6.145695241093508230e+02
-6.108408793483735053e+02 -6.084417358254916053e+02
-6.373679386424180393e+02 -6.357879405635119383e+02
-5.995742628777711616e+02 -5.924831048181547430e+02
-6.081772974947461989e+02 -6.052042467168701023e+02
-6.084957116074672285e+02 -6.058211421539776893e+02
-6.180715239614216898e+02 -6.152499733842781779e+02
-6.050920751468026992e+02 -5.997057253382741919e+02
-6.287552429479945886e+02 -6.244110302723370296e+02
-6.302709148340017009e+02 -6.289488847437613686e+02
-6.367407038224633880e+02 -6.321683581760064499e+02
-6.228874726022968389e+02 -6.192386327047312307e+02
-6.233915874403730868e+02 -6.210255294505356005e+02
-6.180129252968758919e+02 -6.153135319063733277e+02
-6.200415959269024597e+02 -6.190158817253914094e+02
-6.241324021035584337e+02 -6.224162652163058738e+02
-6.128877716442362953e+02 -6.093736916222992477e+02
-6.074538854266745602e+02 -6.051284853775835018e+02
-6.315710835162228705e+02 -6.293549478805630315e+02
-6.231376810344170281e+02 -6.186186661881201871e+02
-6.251482876147465504e+02 -6.229559736645044268e+02
-6.204636251005767917e+02 -6.178442454784793654e+02
-6.224190904962447348e+02 -6.200493969604344784e+02
-6.130683130803247423e+02 -6.102723811046004130e+02
-6.290424800465646058e+02 -6.264666248673802329e+02
-6.409057898723091284e+02 -6.363892434670854072e+02
-6.167936127520813443e+02 -6.145307921501662349e+02
-6.133987510645912380e+02 -6.109963007445605854e+02
-6.162247457969215247e+02 -6.120676615892973587e+02
-6.132024872708848307e+02 -6.106585990109888371e+02
-6.298034098283949334e+02 -6.255935474180669189e+02
-6.217596392084467425e+02 -6.189848923084211947e+02
-6.129079507508990901e+02 -6.092904345912397730e+02
-6.132896884756720510e+02 -6.117817170392986554e+02
-6.164561589150295049e+02 -6.126647874255239685e+02
-6.086582422850526655e+02 -6.070263757753250502e+02
-6.227084150612517988e+02 -6.209960143785285709e+02
-6.156226214453640750e+02 -6.119013377929061335e+02
-6.181277639433955073e+02 -6.151107528843510863e+02
-6.228493624595042775e+02 -6.198587795953229715e+02
-6.253644574176132664e+02 -6.180252474383383969e+02
-6.147781794562791902e+02 -6.094981848297591114e+02
-6.190492297324774427e+02 -6.175743052190239268e+02
-6.043852452498865659e+02 -6.030198342190960830e+02
-6.179240385520021164e+02 -6.140179605627661203e+02
-6.219930716220758313e+02 -6.198788735028131214e+02
-6.194075751478060283e+02 -6.179191790576586527e+02
-6.226981555375887183e+02 -6.170449218946480414e+02
-6.061240979176645851e+02 -6.008356917183828045e+02
-6.031064735813931748e+02 -6.008711967607152928e+02
-6.030866349664461268e+02 -5.982764837697645817e+02
-6.135948612908365476e+02 -6.120326045831000101e+02
-6.206193922060772366e+02 -6.160357744747175275e+02
