-3.844884683334642432e+03 -3.840577606942560578e+03
-3.921104315670646884e+03 -3.914328683998681299e+03
-3.846852448920047209e+03 -3.843176628431574045e+03
-3.878722223038132597e+03 -3.876187058897171482e+03
-3.837955368479798381e+03 -3.836309377590202075e+03
-3.854857570963959915e+03 -3.852290713258325468e+03
-3.866157965260840683e+03 -3.860752253034085697e+03
-3.858492133472643218e+03 -3.854814552383605132e+03
-3.888177424751902890e+03 -3.885831710666654089e+03
-3.838724501472602697e+03 -3.835595273298282791e+03
-3.876400245043273117e+03 -3.874126044911812187e+03
-3.891959414450564964e+03 -3.888776942170814436e+03
-3.887901652851584458e+03 -3.886023664654731874e+03
-3.873353541852296530e+03 -3.870332844312633370e+03
-3.882909833258300296e+03 -3.879865200631195876e+03
-3.846118165350483650e+03 -3.844836521047615861e+03
-3.822827447581234537e+03 -3.821797677001609372e+03
-3.849630007766220842e+03 -3.847253197469567112e+03
-3.876664726226676976e+03 -3.874523192326865228e+03
-3.900868847221101987e+03 -3.896621570603670534e+03
-3.867858234151804481e+03 -3.866669969115456752e+03
-3.826618796393526281e+03 -3.823923762572812848e+03
-3.845788459381039047e+03 -3.844006340274164359e+03
-3.872475480190664712e+03 -3.869834421079181539e+03
-3.860244443872063130e+03 -3.858874374440807969e+03
-3.869605802171258802e+03 -3.868054193989856685e+03
-3.831157438990491301e+03 -3.828992175288740327e+03
-3.869046301429175855e+03 -3.865646117546393270e+03
-3.869055169996300720e+03 -3.864579940119603179e+03
-3.843171902980036066e+03 -3.840613304684148716e+03
-3.893850301189585025e+03 -3.890302948448034385e+03
-3.816489464912165204e+03 -3.815478301568745792e+03
-3.842957962813655740e+03 -3.840190088003245364e+03
-3.851711064441145936e+03 -3.850055933975962489e+03
-3.889085100051286645e+03 -3.885747785857625331e+03
-3.848790649901125107e+03 -3.846369164660336082e+03
-3.838689671119950617e+03 -3.836910407340822985e+03
-3.880778905038055200e+03 -3.877881078609264932e+03
-3.832832089115211147e+03 -3.831369415703471986e+03
-3.854073340653960713e+03 -3.850176494927975000e+03
-3.880745950100058053e+03 -3.878871391245406357e+03
-3.838232978625554551e+03 -3.828188627577848365e+03
-3.886025698047064907e+03 -3.883310110950981652e+03
-3.862559840303994861e+03 -3.861746692047503075e+03
-3.829948642466188176e+03 -3.828399008171559672e+03
-3.865541630600427197e+03 -3.862023763366798903e+03
-3.864579685325779792e+03 -3.861403937409844730e+03
-3.907031581217813255e+03 -3.903471195446627917e+03
-3.849833776779169511e+03 -3.844757320267272462e+03
-3.863132125861622626e+03 -3.861053976014394266e+03
-3.863446709269416715e+03 -3.862410703906384242e+03
-3.828124560674474651e+03 -3.823621572267277315e+03
-3.869055713710380587e+03 -3.864549452382837444e+03
-3.879822319088582844e+03 -3.878227929434166072e+03
-3.875240643185569752e+03 -3.871257778722586863e+03
-3.849145133696286848e+03 -3.847894666079329909e+03
-3.849034968954560554e+03 -3.845459977168015030e+03
-3.854698539326130685e+03 -3.852317563631218945e+03
-3.875247079134409887e+03 -3.873496247930258960e+03
-3.860236031455282955e+03 -3.858703323637358153e+03
-3.880183513237435363e+03 -3.876023634049734483e+03
-3.847162629768717125e+03 -3.841841650455615309e+03
-3.855686502997567004e+03 -3.853908648913150955e+03
-3.864108024499703788e+03 -3.861047173902043141e+03
-3.912728743984268931e+03 -3.910975718939779654e+03
-3.891775186714988649e+03 -3.889501414806889898e+03
-3.810249749702400095e+03 -3.808838560520516694e+03
-3.905037243890682930e+03 -3.899957713596378198e+03
-3.883559281528530391e+03 -3.879162019196826350e+03
-3.836272172037254677e+03 -3.834522777284243148e+03
-3.848797027039900513e+03 -3.846114931978161621e+03
-3.880577528500419703e+03 -3.879502698097394841e+03
-3.864527241187936852e+03 -3.862963780178995876e+03
-3.824752350231274704e+03 -3.821271298732448940e+03
-3.839785932140483055e+03 -3.836862161995295992e+03
-3.848104370776717587e+03 -3.845514052417713629e+03
-3.858727079185176081e+03 -3.855306091747154369e+03
-3.827759308334201705e+03 -3.820361344889699922e+03
-3.858616328615887141e+03 -3.855519314615003168e+03
-3.879947774664019107e+03 -3.876291634763344064e+03
-3.853489838918324040e+03 -3.849113428333181218e+03
-3.838646053838936950e+03 -3.836546872274736870e+03
-3.869354445440006657e+03 -3.867940613191557077e+03
-3.873073119923539707e+03 -3.870108246645493637e+03
-3.861594732520403340e+03 -3.859012529108776562e+03
-3.843033462713830886e+03 -3.841419755113023257e+03
-3.849275767810715934e+03 -3.848370088090746776e+03
-3.847197001719400305e+03 -3.842610709958382358e+03
-3.881518692390984143e+03 -3.877861608784302007e+03
-3.878516549564114939e+03 -3.876634187827040932e+03
-3.881205334898025740e+03 -3.877398981810782516e+03
-3.866281394620101764e+03 -3.863500778137004090e+03
-3.875194031241191624e+03 -3.873921455405669803e+03
-3.855433599483663329e+03 -3.852745277624298524e+03
-3.861757712399642514e+03 -3.858501688974549779e+03
-3.869887205850337523e+03 -3.867939183511272404e+03
-3.857867168196599778e+03 -3.855349889633690054e+03
-3.849324545129350099e+03 -3.846526640553930520e+03
-3.820954281319268375e+03 -3.814908756316906420e+03
-3.827436231473935095e+03 -3.824994393495633176e+03
