-1.938431331756971758e+03 -1.933325481581824079e+03
-1.983881306184222467e+03 -1.979167686380601936e+03
-1.909046490162268583e+03 -1.907665786948800360e+03
-1.946430219941068117e+03 -1.943001256532109437e+03
-1.902560279856099896e+03 -1.901845050232092490e+03
-1.961361887015432785e+03 -1.958942438545431742e+03
-1.920603897042026347e+03 -1.918187426612095351e+03
-1.915610328945307174e+03 -1.913450693552065786e+03
-1.939355436858923895e+03 -1.937841807009038348e+03
-1.936302005484938945e+03 -1.933605229475008855e+03
-1.967451522474127614e+03 -1.965051306677094544e+03
-1.944023433130074864e+03 -1.942265428903495831e+03
-1.927645893540549423e+03 -1.926247566491619637e+03
-1.866731853051191592e+03 -1.864564953855734984e+03
-1.896269273909484127e+03 -1.894042861318518590e+03
-1.933543300664137860e+03 -1.931879015657974378e+03
-1.904659747832915855e+03 -1.900637582170323185e+03
-1.943700291141908110e+03 -1.940082251657945108e+03
-1.957141124649546782e+03 -1.951419649419243342e+03
-1.950685083036941251e+03 -1.948542768774829710e+03
-1.964613588253629587e+03 -1.962360489415943448e+03
-1.913753167912363097e+03 -1.912602475746187338e+03
-1.906954972744047609e+03 -1.904651475016783479e+03
-1.959754862160246375e+03 -1.956664427286015325e+03
-1.940987552451847478e+03 -1.939928930283671434e+03
-1.916611840437813953e+03 -1.913442889382974499e+03
-1.969629884970211151e+03 -1.965662335181672461e+03
-1.924175845429541823e+03 -1.922132295059264834e+03
-1.952359018377448137e+03 -1.948341568821178953e+03
-1.905506663918361483e+03 -1.903508600443545674e+03
-1.955708903890270449e+03 -1.953104483895017438e+03
-1.912867810498198196e+03 -1.909253593730942157e+03
-1.936977152539681811e+03 -1.932278745024318596e+03
-1.905994713217191929e+03 -1.900224399053592151e+03
-1.970970120498867345e+03 -1.969466815064680304e+03
-1.943563871728931645e+03 -1.940154749629163689e+03
-1.939220946598474711e+03 -1.937198881740122033e+03
-1.946462314137584144e+03 -1.944294542850375819e+03
-1.883248961476598197e+03 -1.880893479231056517e+03
-1.981486605537138075e+03 -1.978554983259246001e+03
-1.922224914357139369e+03 -1.919029163181212880e+03
-1.904989110696820717e+03 -1.903233992472332829e+03
-1.893970433670480361e+03 -1.889541698384504343e+03
-1.867155581461082420e+03 -1.865918247993423847e+03
-1.914310556772298241e+03 -1.910849605121670720e+03
-1.931666137467675526e+03 -1.929616048059884179e+03
-1.962108858965440049e+03 -1.960105893119142365e+03
-1.895820041285786829e+03 -1.892372247101389348e+03
-1.892808564644115904e+03 -1.890668371246811603e+03
-1.924703188721831339e+03 -1.922453596968867714e+03
-1.952023757851295159e+03 -1.950144023824647320e+03
-1.972515784057890869e+03 -1.970293103988760322e+03
-1.964640983460331881e+03 -1.958196962885917856e+03
-1.953842460104147904e+03 -1.950542006258427136e+03
-1.933503412990516154e+03 -1.929387738055489535e+03
-1.939596337155255242e+03 -1.934916432621831973e+03
-1.946503280840427124e+03 -1.941645184892089674e+03
-1.887578091116614360e+03 -1.882363034506241092e+03
-1.932347885967478760e+03 -1.930029228039034024e+03
-1.960334244681890141e+03 -1.959096316453616964e+03
-1.936782250684828341e+03 -1.931083924407245377e+03
-1.981412150527955419e+03 -1.978866685105153465e+03
-1.896098123842601581e+03 -1.893448628580153581e+03
-1.917818459237873412e+03 -1.915482585755118180e+03
-1.920608898836165736e+03 -1.917943226495003728e+03
-1.934593009997872286e+03 -1.932628652820767456e+03
-1.924557965406758740e+03 -1.922105261541637446e+03
-1.899309325635613732e+03 -1.895070704167757867e+03
-1.937081339303776531e+03 -1.934452918879551817e+03
-1.943180169554314034e+03 -1.937802768224488318e+03
-1.953192315434612283e+03 -1.948821729100026459e+03
-1.952818695175226821e+03 -1.949824799375803195e+03
-1.977365772998191915e+03 -1.974525506177386433e+03
-1.978923400040382148e+03 -1.976129281576127141e+03
-1.940106240195720147e+03 -1.937747987572063266e+03
-1.921291010413566255e+03 -1.917528578009666944e+03
-1.973288254538700585e+03 -1.968606385940251585e+03
-1.945543668379785231e+03 -1.942587964638134054e+03
-1.945037146826064600e+03 -1.942103329630732787e+03
-1.919479485672263309e+03 -1.917582094181721004e+03
-1.868507400224214507e+03 -1.866947866357130806e+03
-1.918286572615872501e+03 -1.916245897315445745e+03
-1.898296813369369829e+03 -1.895811052823644786e+03
-1.902399041551062510e+03 -1.900079149682208481e+03
-1.939444729747221572e+03 -1.937369503735045782e+03
-1.922829314319560581e+03 -1.920495293526061687e+03
-1.999091797132096872e+03 -1.996565474821759835e+03
-1.942465189242815995e+03 -1.940224091619202682e+03
-1.900621194510160876e+03 -1.898743918342518555e+03
-1.940654813464684594e+03 -1.936727398392997202e+03
-1.946157592364552784e+03 -1.940977592718897540e+03
-1.934586877636411828e+03 -1.931756849507113657e+03
-1.957205538119774701e+03 -1.954404642330472143e+03
-1.897346314086851635e+03 -1.893389426161357278e+03
-1.973942403159541300e+03 -1.972356412371927036e+03
-1.926181216335909085e+03 -1.920701119895350530e+03
-1.941978493369922944e+03 -1.937876099714567772e+03
-1.945808958066579180e+03 -1.942270845161568559e+03
-1.944329923690547275e+03 -1.943381020057212027e+03
-1.928634171819614039e+03 -1.924306505547572669e+03
