1.021170035029535939e+01
9.427239607241062913e+00
2.761406426936446223e+00
6.857926817917359585e+00
1.430459248014813056e+00
4.838896940002086922e+00
4.832940859861992067e+00
4.319270786482775293e+00
3.027259699771093437e+00
5.393552019860180735e+00
4.800431594066139951e+00
3.516008453158065095e+00
2.796654097859573085e+00
4.333798390913216281e+00
4.452825181931075349e+00
3.328570012326963479e+00
8.044331325185339665e+00
7.236078967926005134e+00
1.144295046060688037e+01
4.284628524223080603e+00
4.506197675372277445e+00
2.301384332351517514e+00
4.606995454528259870e+00
6.180869748462100688e+00
2.117244336352086975e+00
6.337902109678907436e+00
7.935099577077380673e+00
4.087100740553978540e+00
8.034899112538369081e+00
3.996126949631616299e+00
5.208839990506021422e+00
7.228433534512078040e+00
9.396815030726429541e+00
1.154062832719955622e+01
3.006610868374082202e+00
6.818244199535911321e+00
4.044129716705356259e+00
4.335542574416649586e+00
4.710964491083359462e+00
5.863244555784149270e+00
6.391502351852977881e+00
3.510236448975774692e+00
8.857470571952035243e+00
2.474666935317145544e+00
6.921903301255042606e+00
4.100178815582694369e+00
4.005931692595368077e+00
6.895588368794960843e+00
4.280386794608602941e+00
4.499183505927248916e+00
3.759468053295677237e+00
4.445360138261094107e+00
1.288804114882805152e+01
6.600907691441534553e+00
8.231349870053236373e+00
9.359809066846537462e+00
9.716191896674899908e+00
1.043011322074653435e+01
4.637315856889472343e+00
2.475856456546353002e+00
1.139665255516592879e+01
5.090930845603907073e+00
5.298990524895998533e+00
4.671746965510465088e+00
5.331344682324015594e+00
3.928714354209660087e+00
4.905407730242586695e+00
8.477242935711728933e+00
5.256840848449428449e+00
1.075480265965143190e+01
8.741172669171646703e+00
5.987791598847252317e+00
5.680533641610963969e+00
5.588236928510013968e+00
4.716505247313762084e+00
7.524864807798621769e+00
9.363737196898000548e+00
5.911407483302355104e+00
5.867634390663624799e+00
3.794782981084608764e+00
3.119067734167401795e+00
4.081350600853511423e+00
4.971521091450085805e+00
4.639783737708057743e+00
4.150452024351579894e+00
4.668041586997787817e+00
5.052644620674072939e+00
4.482195247226627544e+00
3.754552335284643050e+00
7.854830143374783802e+00
1.035999929131048702e+01
5.660056258596341650e+00
5.601791578605116229e+00
7.913775850988713501e+00
3.171981575228528527e+00
1.096019288111710921e+01
8.204787310710344173e+00
7.076225810021242069e+00
1.897807266670497484e+00
8.655332544082739332e+00
3.664318736824989173e+02
