-3.990229994370378108e+02 -3.923899552433106237e+02
-3.921554851403422504e+02 -3.897569301178166370e+02
-4.094120892507224312e+02 -4.040983354003100771e+02
-3.851643625251170420e+02 -3.838523855015180857e+02
-3.942777742182940415e+02 -3.903237073078546473e+02
-3.987526118404142039e+02 -3.958759588752802188e+02
-4.084375293669814369e+02 -4.039035355112161483e+02
-4.138598343080203676e+02 -4.121106373998198933e+02
-4.107216139590944977e+02 -4.074342525016117520e+02
-4.131610880183179688e+02 -4.084567803322714781e+02
-4.103982367946746308e+02 -4.075696772966903723e+02
-4.044042810950746230e+02 -4.014762440129606489e+02
-4.091368641578194456e+02 -4.054592269821279729e+02
-4.023980912083586077e+02 -4.000143808445100717e+02
-4.086980376970301450e+02 -4.038319898567286259e+02
-4.182467453314231989e+02 -4.160298622408899405e+02
-4.061172834511748988e+02 -4.030544497491096649e+02
-4.004051861524044966e+02 -3.953564140081787741e+02
-3.927145993619095066e+02 -3.903674182164688204e+02
-4.086243373199363873e+02 -4.057165082655701553e+02
-4.123276389575206053e+02 -4.078413370573271663e+02
-3.899097655349680736e+02 -3.882053768649274161e+02
-4.057536101290405668e+02 -4.019729736006054281e+02
-4.174268678960540342e+02 -4.155927583907289886e+02
-4.185061603882531927e+02 -4.168849607353018882e+02
-4.135654251876982812e+02 -4.114485244908951813e+02
-4.092729743610674404e+02 -4.080121777419720388e+02
-4.001504416601602543e+02 -3.974766696261076504e+02
-4.050893288006821535e+02 -4.022861054849628886e+02
-4.007854946719707527e+02 -3.979026316361142790e+02
-3.942365650554557988e+02 -3.904920828565500983e+02
-3.953319021137131699e+02 -3.936461344573320389e+02
-4.063525249417979808e+02 -4.028620312532801790e+02
-4.060434166713943114e+02 -4.036559951348247637e+02
-4.159681749331400624e+02 -4.139239226568275853e+02
-4.038025630796897758e+02 -4.008260329487227978e+02
-4.074125736926823720e+02 -4.058729930020855932e+02
-4.177736618873015573e+02 -4.161141688578128424e+02
-4.085769234257070934e+02 -4.058692929768788531e+02
-4.006843834327126501e+02 -3.975041776631043149e+02
-3.794530722254327770e+02 -3.758802255811538089e+02
-3.983752731154021944e+02 -3.939502579197427963e+02
-3.942708649422157805e+02 -3.914766912443733986e+02
-4.139838655198129231e+02 -4.114367764652348569e+02
-4.119190928384121548e+02 -4.096770893513419765e+02
-4.022994328949512806e+02 -3.996559204054483985e+02
-4.008650745901602477e+02 -3.934092509148800332e+02
-4.087943122257179311e+02 -4.063066339068921025e+02
-3.924374221036890162e+02 -3.875073039012567051e+02
-3.994311718027241227e+02 -3.969781045217155224e+02
-3.975708760018418957e+02 -3.936011411832096769e+02
-4.100789206935681364e+02 -4.070883523848155505e+02
-3.965997443351084826e+02 -3.942536698573567264e+02
-4.113548685866382471e+02 -4.079673123450268122e+02
-4.052800976482974420e+02 -4.041978278669941460e+02
-4.112060952401766372e+02 -4.051728643335979996e+02
-4.227156051466778308e+02 -4.192222184411862713e+02
-4.071253105785455091e+02 -4.052111564930043528e+02
-4.055580836139608891e+02 -4.029216118330214726e+02
-4.094591721652393517e+02 -4.039730651384292628e+02
-4.022985927464945348e+02 -3.990461525155333788e+02
-4.132447689998379019e+02 -4.112166594340259280e+02
-4.111415314389577134e+02 -4.060216807620636814e+02
-4.182222496050016503e+02 -4.173673883686055319e+02
-4.033257422932038025e+02 -4.010990546026151833e+02
-3.896260561255544417e+02 -3.862955302726472837e+02
-4.039768545482592117e+02 -4.005817731853083501e+02
-4.182094949973807729e+02 -4.144882229609478372e+02
-4.052854105406966596e+02 -4.014961748296980204e+02
-4.042747809614364769e+02 -4.020467975282438715e+02
-3.998401087621415968e+02 -3.979678986490645798e+02
-3.996869568316196251e+02 -3.978973491683607904e+02
-3.993166540616666111e+02 -3.959237184103425875e+02
-4.175583802217861376e+02 -4.138053002675227390e+02
-4.140132480561825901e+02 -4.111075604953522316e+02
-4.098801188680303085e+02 -4.073653611558009402e+02
-4.011020557781556022e+02 -3.969577137100894220e+02
-4.012116077755340484e+02 -3.977095877656678908e+02
-4.034350007458940581e+02 -4.013828089520049502e+02
-4.059511234038192242e+02 -4.022662021650988891e+02
-3.959803936914085511e+02 -3.920465051592425993e+02
-4.109265320971131246e+02 -4.072992217992695601e+02
-4.079205423766319996e+02 -4.033912566244034679e+02
-4.180697908753768388e+02 -4.148616837855185508e+02
-4.037611411034707203e+02 -4.011642105036781345e+02
-4.062387673768078002e+02 -4.012140073263462341e+02
-4.074068859515111853e+02 -4.056436433477319383e+02
-4.035026662446917953e+02 -4.009485675547509231e+02
-4.026250616087795606e+02 -3.993707534658888108e+02
-4.155504583519856965e+02 -4.131068878378746945e+02
-3.962290853175756524e+02 -3.883266950062720184e+02
-4.024104389327068816e+02 -3.998632824740016645e+02
-4.079562310001870742e+02 -4.043889053266354381e+02
-4.024038888756188612e+02 -4.007834204752319351e+02
-3.960922052393458443e+02 -3.943115263455712238e+02
-4.117364792627084285e+02 -4.093440503055147133e+02
-4.072211740370113944e+02 -4.026307678961237571e+02
-4.250333319440971422e+02 -4.168173184295725378e+02
-3.988718063057097538e+02 -3.928015995524988853e+02
-4.092168945214615405e+02 -4.071780050680272325e+02
