7.449091348110115405e+02 7.227656527419511576e+02
1.304691513009489881e+03 1.267030448480525138e+03
9.868395209046467471e+02 9.593147764482654338e+02
1.007781753509774830e+03 9.796870258498680641e+02
1.339201018237642984e+03 1.300038316015650707e+03
1.156166805486560861e+03 1.124212203006103209e+03
8.898469069277399512e+02 8.649656970670904457e+02
1.497152987901808956e+03 1.451088918766027291e+03
8.361147745202393935e+02 8.127887021342027083e+02
1.251808078390561604e+03 1.216786967797826946e+03
9.764725334954263190e+02 9.488326023486969234e+02
1.266178869076317824e+03 1.230397839966883566e+03
1.046421345139078767e+03 1.017842172471381559e+03
7.875771295094328934e+02 7.659782208068419322e+02
8.396303280860371387e+02 8.159150541757666133e+02
1.332696585319681162e+03 1.296366407932222955e+03
1.191573523270552414e+03 1.159601366932832207e+03
8.049818997723835992e+02 7.818147715270239360e+02
1.230436000580991276e+03 1.195635856001518732e+03
1.557460191280648814e+03 1.509642736559764671e+03
9.663145570965242541e+02 9.390586809406580642e+02
1.222065016503807783e+03 1.188247971375775251e+03
1.288437162953639017e+03 1.252020118037079101e+03
1.481034066359741246e+03 1.436441233661277238e+03
1.218164666253084761e+03 1.184712434661390034e+03
1.158438988259173584e+03 1.126273937046798892e+03
1.030503108590673037e+03 1.002493741687057877e+03
1.027582060187494790e+03 9.985669143670767198e+02
9.507985016731087171e+02 9.244759400228646200e+02
1.029567387196983418e+03 1.000458197846776443e+03
8.662451687154181172e+02 8.410209237903646908e+02
1.078042821957897104e+03 1.047770168813384316e+03
1.111075353307812293e+03 1.079993691555326677e+03
1.224466744645989365e+03 1.190551830350134423e+03
1.202433335662220543e+03 1.169499358706906605e+03
1.085229121298991231e+03 1.056476303227213521e+03
7.274394700419665014e+02 7.051020697958396113e+02
9.975148477614160356e+02 9.698005630765743490e+02
1.370040580429369584e+03 1.330616241045652714e+03
1.003458680686078765e+03 9.754452767567807996e+02
1.150979644150085733e+03 1.118401074514031279e+03
1.124891157374374416e+03 1.093634938067191797e+03
1.035034228011076721e+03 1.006027244424025980e+03
1.433525130083277872e+03 1.392096160988261090e+03
1.199241437159704674e+03 1.164720692841593973e+03
1.102153232362427389e+03 1.071790869731606108e+03
1.482764277036892963e+03 1.437863126579815344e+03
1.028182630094003798e+03 9.997542468877849160e+02
1.202047982726519422e+03 1.168444763040181897e+03
1.182376003269294870e+03 1.149429816815835238e+03
9.558174576501920683e+02 9.289535139723330985e+02
1.213891661909378399e+03 1.180113406832240798e+03
1.057116565913624527e+03 1.027543141172174273e+03
1.207174839768084894e+03 1.175689738557806322e+03
1.267315250289116193e+03 1.231266902961773212e+03
1.016755648101320389e+03 9.883964312759218274e+02
8.869172963981985731e+02 8.612866336118519257e+02
1.166571983381380505e+03 1.134184120589816303e+03
1.042076074967853401e+03 1.013651686927008200e+03
1.221071975205538820e+03 1.186295091087341007e+03
1.210630652307531363e+03 1.177601727027327797e+03
1.202860386460734389e+03 1.168843895332681768e+03
1.318966514517317592e+03 1.282197865300726789e+03
1.055796673842543441e+03 1.026369332601674614e+03
1.227786172342355258e+03 1.194498129001536199e+03
1.001213902905419786e+03 9.729168034656846658e+02
1.006375712512651830e+03 9.792644401995124781e+02
1.224849852686505074e+03 1.189951385165804822e+03
5.583926578584545268e+02 5.396273621129836329e+02
1.181361034255194227e+03 1.148496722600701105e+03
1.276278461517759752e+03 1.239945099367501825e+03
9.841311216821851531e+02 9.566895267091994128e+02
1.263507579937950595e+03 1.227423760102280994e+03
1.280069745704453908e+03 1.244081992939343309e+03
1.021570118054114914e+03 9.937236278996405190e+02
1.490046655786937208e+03 1.444691325081887953e+03
1.032292521886533905e+03 1.003080875514673721e+03
1.063197036940151520e+03 1.032939858640183047e+03
1.081397394915941732e+03 1.051721169188069780e+03
1.432415705546049139e+03 1.390576639345610602e+03
1.103303643252617803e+03 1.073498445785894091e+03
1.108683082568994450e+03 1.078144677036949815e+03
9.025550429885573749e+02 8.766688907908716146e+02
1.204859768586341033e+03 1.171560677288621719e+03
1.333309869035883821e+03 1.296580639578955470e+03
1.071587939701114465e+03 1.043124736630491498e+03
1.153919588962513444e+03 1.122389669125754153e+03
1.313769698663008057e+03 1.276918290085047829e+03
1.028512958865026576e+03 1.000757292027287690e+03
1.295907329594137082e+03 1.259335081536356029e+03
8.157748817491093405e+02 7.931310067252085219e+02
9.515105379912810122e+02 9.252507499961776603e+02
1.369301686876606254e+03 1.329442285743069988e+03
1.004790950578423804e+03 9.777065432028072109e+02
7.489251085018712502e+02 7.276042198054775554e+02
9.218522725939400289e+02 8.964356153985196443e+02
1.102095686752281836e+03 1.071676059555352822e+03
9.479345089897682328e+02 9.223097318386734287e+02
1.058118536001223674e+03 1.028614976062282039e+03
1.276585366229161536e+03 1.241076151015126470e+03
