4.259487129581884801e+00
5.029836032834055004e+00
4.254008954789242125e+00
2.685960936857327397e+00
6.390547840770068433e+00
4.204577559901053974e+00
2.834151061229249535e+00
5.432232629916143196e+00
6.024519068818563028e+00
4.265867129978687444e+00
2.708977948305118844e+00
7.117261155991172927e+00
5.816792394759204399e+00
2.657863075467503222e+00
1.332990664523981650e+01
5.643678514407383773e+00
1.475994503827473636e+01
6.499515671840526920e+00
5.076842272234671327e+00
5.196450972046477546e+00
2.979962410110374549e+00
3.068485440437143552e+00
4.953898248971427165e+00
7.193165114868634191e+00
6.024603981873951852e+00
6.755429147143786395e+00
6.028325873058292927e+00
1.169867450919014118e+01
9.026400523868460368e+00
5.525791216708512366e+00
3.973265563991162708e+00
3.099151017419671916e+00
5.453422788580837732e+00
4.262347541881581492e+00
5.905154724792737397e+00
4.907905443245681454e+00
6.639043777064898677e+00
4.806464945243533293e+00
1.166745949195160392e+01
5.701414347909121716e+00
4.606585446919098104e+00
1.253891839465131852e+01
3.881484662452066914e+00
1.125055379111427101e+01
9.075577902102168082e+00
3.195145186233730783e+00
5.504086102538622072e+00
8.286264224573869797e+00
1.025761706563866937e+01
1.840030369910732588e+01
7.748250252139996519e+00
6.205594485818210160e+00
1.406096783162251995e+01
6.800688226998545360e+00
9.902782733215644839e+00
5.650244556336929236e+00
4.027155546413268894e+00
1.391933315274718552e+01
1.200684057459648102e+01
2.672836856558660656e+00
3.906846525537503112e+00
4.861634653286955654e+00
8.780364392146793762e+00
1.177476316507340925e+01
5.162141408832667366e+00
4.467995743033270628e+00
3.945576307171450026e+00
1.137967081505325950e+01
1.041330335850580013e+01
6.501562038741440119e+00
6.919357000428362880e+00
6.087690382441451220e+00
6.102783720300749337e+00
5.559304731548991185e+00
6.664270441226790354e+00
2.912999994809524651e+00
9.809247426013143922e+00
1.028245888418905452e+01
5.682640409286022987e+00
7.029977150784588957e+00
1.197211647893686859e+01
6.101698993121999592e+00
3.199902890408566236e+00
9.118317114940964530e+00
6.706599568153251312e+00
5.375035261187349533e+00
3.115992942194679927e+00
2.601127150054935555e+00
5.580499743708514870e+00
3.137934452046465594e+00
8.439550436004537914e+00
6.372963317708126851e+00
5.186249173704709392e+00
7.623525339381330923e+00
7.357991950052792163e+00
7.006342196603327466e+00
6.394179375177600377e+00
5.345959384429534111e+00
7.747898709768833214e+00
1.049927665227801299e+01
1.897523621296613783e+01
