3.200000000000000000e+01 1.223952221246000960e+02 1.000000000000000000e+01 1.000000000000000000e+00
5.300000000000000000e+01 9.479980345564294453e+01 1.000000000000000000e+01 1.000000000000000000e+00
6.600000000000000000e+01 1.004509717411090008e+02 1.000000000000000000e+01 1.000000000000000000e+00
8.100000000000000000e+01 1.034046742248216333e+02 1.000000000000000000e+01 1.000000000000000000e+00
1.000000000000000000e+02 9.931272015246054252e+01 1.000000000000000000e+01 1.000000000000000000e+00
1.310000000000000000e+02 9.102653950674377370e+01 1.000000000000000000e+01 1.000000000000000000e+00
1.450000000000000000e+02 9.311852383481260631e+01 1.000000000000000000e+01 1.000000000000000000e+00
1.850000000000000000e+02 9.243663773708966858e+01 1.000000000000000000e+01 1.000000000000000000e+00
1.910000000000000000e+02 1.031552888755018813e+02 1.000000000000000000e+01 1.000000000000000000e+00
1.920000000000000000e+02 8.892917313745752494e+01 1.000000000000000000e+01 1.000000000000000000e+00
2.010000000000000000e+02 1.041561011288805076e+02 1.000000000000000000e+01 1.000000000000000000e+00
2.090000000000000000e+02 1.165249706790107780e+02 1.000000000000000000e+01 1.000000000000000000e+00
2.120000000000000000e+02 1.191325535841629772e+02 1.000000000000000000e+01 1.000000000000000000e+00
2.650000000000000000e+02 9.942084715405590600e+01 1.000000000000000000e+01 1.000000000000000000e+00
3.270000000000000000e+02 7.567689733230338334e+01 1.000000000000000000e+01 1.000000000000000000e+00
3.330000000000000000e+02 1.075667458948639421e+02 1.000000000000000000e+01 1.000000000000000000e+00
3.620000000000000000e+02 1.058568461409153514e+02 1.000000000000000000e+01 1.000000000000000000e+00
3.680000000000000000e+02 9.209738585550191203e+01 1.000000000000000000e+01 1.000000000000000000e+00
3.690000000000000000e+02 9.733063906940576260e+01 1.000000000000000000e+01 1.000000000000000000e+00
3.890000000000000000e+02 1.065833244837332217e+02 1.000000000000000000e+01 1.000000000000000000e+00
3.980000000000000000e+02 6.895562394145819951e+01 1.000000000000000000e+01 1.000000000000000000e+00
4.130000000000000000e+02 8.236632613380595558e+01 1.000000000000000000e+01 1.000000000000000000e+00
4.270000000000000000e+02 1.124731255652412472e+02 1.000000000000000000e+01 1.000000000000000000e+00
4.450000000000000000e+02 1.058698914280919325e+02 1.000000000000000000e+01 1.000000000000000000e+00
5.420000000000000000e+02 1.015270510530617969e+02 1.000000000000000000e+01 1.000000000000000000e+00
5.670000000000000000e+02 1.062050691082056346e+02 1.000000000000000000e+01 1.000000000000000000e+00
6.010000000000000000e+02 9.460177853682203875e+01 1.000000000000000000e+01 1.000000000000000000e+00
6.050000000000000000e+02 1.105340733640412338e+02 1.000000000000000000e+01 1.000000000000000000e+00
6.100000000000000000e+02 1.119101228341411058e+02 1.000000000000000000e+01 1.000000000000000000e+00
6.200000000000000000e+02 1.073385093265263777e+02 1.000000000000000000e+01 1.000000000000000000e+00
6.400000000000000000e+02 8.868604821907869962e+01 1.000000000000000000e+01 1.000000000000000000e+00
6.550000000000000000e+02 9.662497649207107031e+01 1.000000000000000000e+01 1.000000000000000000e+00
6.650000000000000000e+02 1.014630135931219712e+02 1.000000000000000000e+01 1.000000000000000000e+00
6.740000000000000000e+02 9.443443337135890658e+01 1.000000000000000000e+01 1.000000000000000000e+00
6.920000000000000000e+02 9.906308722452391180e+01 1.000000000000000000e+01 1.000000000000000000e+00
6.960000000000000000e+02 9.950924401395103303e+01 1.000000000000000000e+01 1.000000000000000000e+00
7.120000000000000000e+02 9.587490681152777938e+01 1.000000000000000000e+01 1.000000000000000000e+00
7.250000000000000000e+02 1.191011777374893938e+02 1.000000000000000000e+01 1.000000000000000000e+00
7.550000000000000000e+02 1.010704209259294117e+02 1.000000000000000000e+01 1.000000000000000000e+00
7.690000000000000000e+02 9.420386535533772587e+01 1.000000000000000000e+01 1.000000000000000000e+00
7.750000000000000000e+02 1.047424015633673946e+02 1.000000000000000000e+01 1.000000000000000000e+00
7.770000000000000000e+02 7.898714213677068585e+01 1.000000000000000000e+01 1.000000000000000000e+00
7.810000000000000000e+02 1.033716954132244723e+02 1.000000000000000000e+01 1.000000000000000000e+00
7.850000000000000000e+02 1.126117339674881208e+02 1.000000000000000000e+01 1.000000000000000000e+00
7.880000000000000000e+02 9.572876840643957053e+01 1.000000000000000000e+01 1.000000000000000000e+00
8.290000000000000000e+02 1.053338409988474496e+02 1.000000000000000000e+01 1.000000000000000000e+00
8.310000000000000000e+02 9.384545648845849541e+01 1.000000000000000000e+01 1.000000000000000000e+00
8.320000000000000000e+02 9.357406951404790618e+01 1.000000000000000000e+01 1.000000000000000000e+00
8.380000000000000000e+02 8.959018503329534155e+01 1.000000000000000000e+01 1.000000000000000000e+00
8.880000000000000000e+02 9.024791388872924358e+01 1.000000000000000000e+01 1.000000000000000000e+00
8.920000000000000000e+02 1.062411002621032594e+02 1.000000000000000000e+01 1.000000000000000000e+00
8.930000000000000000e+02 6.968126132422349883e+01 1.000000000000000000e+01 1.000000000000000000e+00
8.960000000000000000e+02 1.004260500441364599e+02 1.000000000000000000e+01 1.000000000000000000e+00
9.280000000000000000e+02 1.068667230160429540e+02 1.000000000000000000e+01 1.000000000000000000e+00
9.310000000000000000e+02 1.018449129415671166e+02 1.000000000000000000e+01 1.000000000000000000e+00
9.370000000000000000e+02 9.881726573868641594e+01 1.000000000000000000e+01 1.000000000000000000e+00
9.610000000000000000e+02 1.009555828850344881e+02 1.000000000000000000e+01 1.000000000000000000e+00
9.720000000000000000e+02 6.849469916922575408e+01 1.000000000000000000e+01 1.000000000000000000e+00
9.840000000000000000e+02 1.082381599832983738e+02 1.000000000000000000e+01 1.000000000000000000e+00
1.001000000000000000e+03 8.367149253414282839e+01 1.000000000000000000e+01 1.000000000000000000e+00
1.019000000000000000e+03 1.108002038678444023e+02 1.000000000000000000e+01 1.000000000000000000e+00
1.021000000000000000e+03 9.218975053586140689e+01 1.000000000000000000e+01 1.000000000000000000e+00
1.065000000000000000e+03 1.053024734116015964e+02 1.000000000000000000e+01 1.000000000000000000e+00
1.067000000000000000e+03 8.245404998451468259e+01 1.000000000000000000e+01 1.000000000000000000e+00
1.109000000000000000e+03 9.117234485690322288e+01 1.000000000000000000e+01 1.000000000000000000e+00
1.132000000000000000e+03 1.039880813773024926e+02 1.000000000000000000e+01 1.000000000000000000e+00
1.149000000000000000e+03 8.780745110549878518e+01 1.000000000000000000e+01 1.000000000000000000e+00
1.162000000000000000e+03 8.570232035204142562e+01 1.000000000000000000e+01 1.000000000000000000e+00
1.184000000000000000e+03 9.410253756357340649e+01 1.000000000000000000e+01 1.000000000000000000e+00
1.190000000000000000e+03 9.881607605271493355e+01 1.000000000000000000e+01 1.000000000000000000e+00
1.192000000000000000e+03 9.231688746922183952e+01 1.000000000000000000e+01 1.000000000000000000e+00
1.243000000000000000e+03 6.906958578778616697e+01 1.000000000000000000e+01 1.000000000000000000e+00
1.282000000000000000e+03 1.305718931803163230e+02 1.000000000000000000e+01 1.000000000000000000e+00
1.298000000000000000e+03 1.281512339034989054e+02 1.000000000000000000e+01 1.000000000000000000e+00
1.345000000000000000e+03 1.097492026976972852e+02 1.000000000000000000e+01 1.000000000000000000e+00
1.354000000000000000e+03 1.156607767847215342e+02 1.000000000000000000e+01 1.000000000000000000e+00
1.359000000000000000e+03 9.371704515825032900e+01 1.000000000000000000e+01 1.000000000000000000e+00
1.361000000000000000e+03 9.961017875719646497e+01 1.000000000000000000e+01 1.000000000000000000e+00
1.363000000000000000e+03 8.450481365101191500e+01 1.000000000000000000e+01 1.000000000000000000e+00
1.372000000000000000e+03 9.108724934250616911e+01 1.000000000000000000e+01 1.000000000000000000e+00
1.377000000000000000e+03 7.493853403514270894e+01 1.000000000000000000e+01 1.000000000000000000e+00
1.442000000000000000e+03 1.080382726609346093e+02 1.000000000000000000e+01 1.000000000000000000e+00
1.451000000000000000e+03 1.145645245615149435e+02 1.000000000000000000e+01 1.000000000000000000e+00
1.460000000000000000e+03 6.440287380894532987e+01 1.000000000000000000e+01 1.000000000000000000e+00
1.461000000000000000e+03 9.106594408923693607e+01 1.000000000000000000e+01 1.000000000000000000e+00
1.501000000000000000e+03 1.188452628543519722e+02 1.000000000000000000e+01 1.000000000000000000e+00
1.506000000000000000e+03 8.716131660319474861e+01 1.000000000000000000e+01 1.000000000000000000e+00
1.524000000000000000e+03 9.981207687371333748e+01 1.000000000000000000e+01 1.000000000000000000e+00
1.528000000000000000e+03 1.185397301436680237e+02 1.000000000000000000e+01 1.000000000000000000e+00
1.556000000000000000e+03 1.034951554105122398e+02 1.000000000000000000e+01 1.000000000000000000e+00
1.562000000000000000e+03 8.384225400825684460e+01 1.000000000000000000e+01 1.000000000000000000e+00
1.570000000000000000e+03 1.153067554118456854e+02 1.000000000000000000e+01 1.000000000000000000e+00
1.576000000000000000e+03 8.961640708051515958e+01 1.000000000000000000e+01 1.000000000000000000e+00
1.600000000000000000e+03 9.886008948301049770e+01 1.000000000000000000e+01 1.000000000000000000e+00
1.602000000000000000e+03 9.879450502839547710e+01 1.000000000000000000e+01 1.000000000000000000e+00
1.611000000000000000e+03 9.760262680877855246e+01 1.000000000000000000e+01 1.000000000000000000e+00
1.619000000000000000e+03 8.736222742738570446e+01 1.000000000000000000e+01 1.000000000000000000e+00
1.628000000000000000e+03 1.036954585257035291e+02 1.000000000000000000e+01 1.000000000000000000e+00
1.679000000000000000e+03 1.246863158375682303e+02 1.000000000000000000e+01 1.000000000000000000e+00
1.710000000000000000e+03 1.018279656896208110e+02 1.000000000000000000e+01 1.000000000000000000e+00
1.726000000000000000e+03 9.844859582333842241e+01 1.000000000000000000e+01 1.000000000000000000e+00
1.745000000000000000e+03 9.303831685449955557e+01 1.000000000000000000e+01 1.000000000000000000e+00
1.752000000000000000e+03 9.830576132666590183e+01 1.000000000000000000e+01 1.000000000000000000e+00
1.760000000000000000e+03 1.096047040921100120e+02 1.000000000000000000e+01 1.000000000000000000e+00
1.792000000000000000e+03 9.241392271118296264e+01 1.000000000000000000e+01 1.000000000000000000e+00
1.793000000000000000e+03 8.212675631038365509e+01 1.000000000000000000e+01 1.000000000000000000e+00
1.803000000000000000e+03 8.152357562819680936e+01 1.000000000000000000e+01 1.000000000000000000e+00
1.805000000000000000e+03 7.777056119086603303e+01 1.000000000000000000e+01 1.000000000000000000e+00
1.813000000000000000e+03 1.048943944201738816e+02 1.000000000000000000e+01 1.000000000000000000e+00
1.836000000000000000e+03 1.075117492284410048e+02 1.000000000000000000e+01 1.000000000000000000e+00
1.838000000000000000e+03 1.203886874745230529e+02 1.000000000000000000e+01 1.000000000000000000e+00
1.865000000000000000e+03 8.604653330173464099e+01 1.000000000000000000e+01 1.000000000000000000e+00
1.874000000000000000e+03 9.364000317417023211e+01 1.000000000000000000e+01 1.000000000000000000e+00
1.891000000000000000e+03 8.121440591284846278e+01 1.000000000000000000e+01 1.000000000000000000e+00
1.906000000000000000e+03 1.092602234111407142e+02 1.000000000000000000e+01 1.000000000000000000e+00
1.911000000000000000e+03 1.004665262750134644e+02 1.000000000000000000e+01 1.000000000000000000e+00
1.949000000000000000e+03 1.177154655471138085e+02 1.000000000000000000e+01 1.000000000000000000e+00
1.950000000000000000e+03 9.564972682088593103e+01 1.000000000000000000e+01 1.000000000000000000e+00
1.963000000000000000e+03 1.168819622157643323e+02 1.000000000000000000e+01 1.000000000000000000e+00
1.985000000000000000e+03 1.296476182391839416e+02 1.000000000000000000e+01 1.000000000000000000e+00
2.016000000000000000e+03 8.551958704351903862e+01 1.000000000000000000e+01 1.000000000000000000e+00
2.045000000000000000e+03 1.221757670713286501e+02 1.000000000000000000e+01 1.000000000000000000e+00
2.046000000000000000e+03 1.162927449180705395e+02 1.000000000000000000e+01 1.000000000000000000e+00
2.068000000000000000e+03 8.885553841950226683e+01 1.000000000000000000e+01 1.000000000000000000e+00
2.094000000000000000e+03 1.125340256262892069e+02 1.000000000000000000e+01 1.000000000000000000e+00
2.119000000000000000e+03 9.578704068661637905e+01 1.000000000000000000e+01 1.000000000000000000e+00
2.122000000000000000e+03 9.320497256724074475e+01 1.000000000000000000e+01 1.000000000000000000e+00
2.164000000000000000e+03 7.960161334904147168e+01 1.000000000000000000e+01 1.000000000000000000e+00
2.167000000000000000e+03 9.862793211416222050e+01 1.000000000000000000e+01 1.000000000000000000e+00
2.169000000000000000e+03 8.736391976954257643e+01 1.000000000000000000e+01 1.000000000000000000e+00
2.183000000000000000e+03 9.178437510025460710e+01 1.000000000000000000e+01 1.000000000000000000e+00
2.200000000000000000e+03 8.325288068765662786e+01 1.000000000000000000e+01 1.000000000000000000e+00
2.208000000000000000e+03 1.085827197413507861e+02 1.000000000000000000e+01 1.000000000000000000e+00
2.209000000000000000e+03 1.182531592657517052e+02 1.000000000000000000e+01 1.000000000000000000e+00
2.241000000000000000e+03 1.160889551134421680e+02 1.000000000000000000e+01 1.000000000000000000e+00
2.242000000000000000e+03 1.145471998099266386e+02 1.000000000000000000e+01 1.000000000000000000e+00
2.260000000000000000e+03 1.124055074837476980e+02 1.000000000000000000e+01 1.000000000000000000e+00
2.293000000000000000e+03 1.099001531955066611e+02 1.000000000000000000e+01 1.000000000000000000e+00
2.313000000000000000e+03 1.005928205027421001e+02 1.000000000000000000e+01 1.000000000000000000e+00
2.318000000000000000e+03 9.743244652405790873e+01 1.000000000000000000e+01 1.000000000000000000e+00
2.342000000000000000e+03 1.201053975262118882e+02 1.000000000000000000e+01 1.000000000000000000e+00
2.370000000000000000e+03 8.353405470280762302e+01 1.000000000000000000e+01 1.000000000000000000e+00
2.420000000000000000e+03 9.679870738106204442e+01 1.000000000000000000e+01 1.000000000000000000e+00
2.479000000000000000e+03 9.631755740209594308e+01 1.000000000000000000e+01 1.000000000000000000e+00
2.481000000000000000e+03 9.841932712162780206e+01 1.000000000000000000e+01 1.000000000000000000e+00
2.496000000000000000e+03 1.105927494956785324e+02 1.000000000000000000e+01 1.000000000000000000e+00
2.549000000000000000e+03 1.056442446661042993e+02 1.000000000000000000e+01 1.000000000000000000e+00
2.569000000000000000e+03 1.174866783646487107e+02 1.000000000000000000e+01 1.000000000000000000e+00
2.571000000000000000e+03 1.140569393405433800e+02 1.000000000000000000e+01 1.000000000000000000e+00
2.572000000000000000e+03 1.306082653945299228e+02 1.000000000000000000e+01 1.000000000000000000e+00
2.584000000000000000e+03 1.109200844095967824e+02 1.000000000000000000e+01 1.000000000000000000e+00
2.594000000000000000e+03 9.617937450690905621e+01 1.000000000000000000e+01 1.000000000000000000e+00
2.604000000000000000e+03 1.064126904522205450e+02 1.000000000000000000e+01 1.000000000000000000e+00
2.634000000000000000e+03 9.711656044885246786e+01 1.000000000000000000e+01 1.000000000000000000e+00
2.636000000000000000e+03 1.066063378032255855e+02 1.000000000000000000e+01 1.000000000000000000e+00
2.647000000000000000e+03 1.031643093514765752e+02 1.000000000000000000e+01 1.000000000000000000e+00
2.660000000000000000e+03 1.092688634913072860e+02 1.000000000000000000e+01 1.000000000000000000e+00
2.681000000000000000e+03 1.366681974440578813e+02 1.000000000000000000e+01 1.000000000000000000e+00
2.706000000000000000e+03 1.125038650856122899e+02 1.000000000000000000e+01 1.000000000000000000e+00
2.716000000000000000e+03 9.824497855469883234e+01 1.000000000000000000e+01 1.000000000000000000e+00
2.743000000000000000e+03 1.010772918470499491e+02 1.000000000000000000e+01 1.000000000000000000e+00
2.773000000000000000e+03 8.284619591200601008e+01 1.000000000000000000e+01 1.000000000000000000e+00
2.775000000000000000e+03 1.003710530302468129e+02 1.000000000000000000e+01 1.000000000000000000e+00
2.809000000000000000e+03 1.088299228551001079e+02 1.000000000000000000e+01 1.000000000000000000e+00
2.815000000000000000e+03 7.333542139163697016e+01 1.000000000000000000e+01 1.000000000000000000e+00
2.844000000000000000e+03 8.798478824401021825e+01 1.000000000000000000e+01 1.000000000000000000e+00
2.851000000000000000e+03 1.270822402484974276e+02 1.000000000000000000e+01 1.000000000000000000e+00
2.862000000000000000e+03 1.238359224313051925e+02 1.000000000000000000e+01 1.000000000000000000e+00
2.871000000000000000e+03 9.555896744511174745e+01 1.000000000000000000e+01 1.000000000000000000e+00
2.887000000000000000e+03 1.173783699565264840e+02 1.000000000000000000e+01 1.000000000000000000e+00
2.903000000000000000e+03 8.284940051258664084e+01 1.000000000000000000e+01 1.000000000000000000e+00
2.909000000000000000e+03 1.187509550437495420e+02 1.000000000000000000e+01 1.000000000000000000e+00
2.933000000000000000e+03 1.080463701250832571e+02 1.000000000000000000e+01 1.000000000000000000e+00
2.949000000000000000e+03 1.142831954965380987e+02 1.000000000000000000e+01 1.000000000000000000e+00
2.986000000000000000e+03 8.391193401293237741e+01 1.000000000000000000e+01 1.000000000000000000e+00
2.990000000000000000e+03 1.002647576722622489e+02 1.000000000000000000e+01 1.000000000000000000e+00
3.002000000000000000e+03 1.214755658870463435e+02 1.000000000000000000e+01 1.000000000000000000e+00
3.006000000000000000e+03 1.223878352515019401e+02 1.000000000000000000e+01 1.000000000000000000e+00
3.037000000000000000e+03 8.183035919222120924e+01 1.000000000000000000e+01 1.000000000000000000e+00
3.066000000000000000e+03 1.132279422097413146e+02 1.000000000000000000e+01 1.000000000000000000e+00
3.077000000000000000e+03 1.050235990907089558e+02 1.000000000000000000e+01 1.000000000000000000e+00
3.078000000000000000e+03 9.172195120446853878e+01 1.000000000000000000e+01 1.000000000000000000e+00
3.090000000000000000e+03 1.232073680049178250e+02 1.000000000000000000e+01 1.000000000000000000e+00
3.094000000000000000e+03 1.223254911780127117e+02 1.000000000000000000e+01 1.000000000000000000e+00
3.116000000000000000e+03 1.001318650810559916e+02 1.000000000000000000e+01 1.000000000000000000e+00
3.121000000000000000e+03 8.866308755380519813e+01 1.000000000000000000e+01 1.000000000000000000e+00
3.202000000000000000e+03 1.081366859629823267e+02 1.000000000000000000e+01 1.000000000000000000e+00
3.206000000000000000e+03 1.244437981375717328e+02 1.000000000000000000e+01 1.000000000000000000e+00
3.213000000000000000e+03 6.638341273003842957e+01 1.000000000000000000e+01 1.000000000000000000e+00
3.284000000000000000e+03 1.009425416257109163e+02 1.000000000000000000e+01 1.000000000000000000e+00
3.285000000000000000e+03 9.300807245815963142e+01 1.000000000000000000e+01 1.000000000000000000e+00
3.320000000000000000e+03 8.466180580078484752e+01 1.000000000000000000e+01 1.000000000000000000e+00
3.361000000000000000e+03 8.671301052040178092e+01 1.000000000000000000e+01 1.000000000000000000e+00
3.363000000000000000e+03 9.083542526573096154e+01 1.000000000000000000e+01 1.000000000000000000e+00
3.378000000000000000e+03 1.056481227939655412e+02 1.000000000000000000e+01 1.000000000000000000e+00
3.412000000000000000e+03 1.125244702538480084e+02 1.000000000000000000e+01 1.000000000000000000e+00
3.427000000000000000e+03 1.020524929380993200e+02 1.000000000000000000e+01 1.000000000000000000e+00
3.433000000000000000e+03 1.070845103748628588e+02 1.000000000000000000e+01 1.000000000000000000e+00
3.435000000000000000e+03 1.194101095452547412e+02 1.000000000000000000e+01 1.000000000000000000e+00
3.438000000000000000e+03 9.746829350102096612e+01 1.000000000000000000e+01 1.000000000000000000e+00
3.449000000000000000e+03 9.415415492781119156e+01 1.000000000000000000e+01 1.000000000000000000e+00
3.491000000000000000e+03 1.123325451101211883e+02 1.000000000000000000e+01 1.000000000000000000e+00
3.505000000000000000e+03 1.063136759960375599e+02 1.000000000000000000e+01 1.000000000000000000e+00
3.519000000000000000e+03 6.399047643207957492e+01 1.000000000000000000e+01 1.000000000000000000e+00
3.529000000000000000e+03 6.797458864169666981e+01 1.000000000000000000e+01 1.000000000000000000e+00
3.548000000000000000e+03 9.933943344708680456e+01 1.000000000000000000e+01 1.000000000000000000e+00
3.563000000000000000e+03 1.144281565384372641e+02 1.000000000000000000e+01 1.000000000000000000e+00
3.594000000000000000e+03 1.145599838013094143e+02 1.000000000000000000e+01 1.000000000000000000e+00
3.651000000000000000e+03 1.028384531207799029e+02 1.000000000000000000e+01 1.000000000000000000e+00
3.657000000000000000e+03 1.259871928535449115e+02 1.000000000000000000e+01 1.000000000000000000e+00
3.681000000000000000e+03 1.046450122277857986e+02 1.000000000000000000e+01 1.000000000000000000e+00
3.684000000000000000e+03 1.007747539142425808e+02 1.000000000000000000e+01 1.000000000000000000e+00
3.706000000000000000e+03 1.092023265582815981e+02 1.000000000000000000e+01 1.000000000000000000e+00
3.745000000000000000e+03 1.138317899759385767e+02 1.000000000000000000e+01 1.000000000000000000e+00
3.762000000000000000e+03 1.034615592366156278e+02 1.000000000000000000e+01 1.000000000000000000e+00
3.784000000000000000e+03 1.030015987390103476e+02 1.000000000000000000e+01 1.000000000000000000e+00
3.837000000000000000e+03 1.026889993961177225e+02 1.000000000000000000e+01 1.000000000000000000e+00
3.863000000000000000e+03 1.111022021616750948e+02 1.000000000000000000e+01 1.000000000000000000e+00
3.868000000000000000e+03 1.013567679401578800e+02 1.000000000000000000e+01 1.000000000000000000e+00
3.880000000000000000e+03 1.021564572776855044e+02 1.000000000000000000e+01 1.000000000000000000e+00
3.900000000000000000e+03 1.026706385905394399e+02 1.000000000000000000e+01 1.000000000000000000e+00
3.903000000000000000e+03 9.547520289752075939e+01 1.000000000000000000e+01 1.000000000000000000e+00
3.909000000000000000e+03 1.100962023366952707e+02 1.000000000000000000e+01 1.000000000000000000e+00
3.921000000000000000e+03 9.578508305734904127e+01 1.000000000000000000e+01 1.000000000000000000e+00
3.923000000000000000e+03 1.079127742475117913e+02 1.000000000000000000e+01 1.000000000000000000e+00
3.929000000000000000e+03 1.036652001212001153e+02 1.000000000000000000e+01 1.000000000000000000e+00
3.940000000000000000e+03 1.066177104507926146e+02 1.000000000000000000e+01 1.000000000000000000e+00
3.951000000000000000e+03 9.176537872740318846e+01 1.000000000000000000e+01 1.000000000000000000e+00
4.020000000000000000e+03 1.119824573429171153e+02 1.000000000000000000e+01 1.000000000000000000e+00
4.036000000000000000e+03 1.196254486257024894e+02 1.000000000000000000e+01 1.000000000000000000e+00
4.044000000000000000e+03 1.126918448093356915e+02 1.000000000000000000e+01 1.000000000000000000e+00
4.067000000000000000e+03 1.088695542361637649e+02 1.000000000000000000e+01 1.000000000000000000e+00
4.082000000000000000e+03 9.217115988206617772e+01 1.000000000000000000e+01 1.000000000000000000e+00
4.123000000000000000e+03 1.029005506846774551e+02 1.000000000000000000e+01 1.000000000000000000e+00
4.142000000000000000e+03 6.265772248567031255e+01 1.000000000000000000e+01 1.000000000000000000e+00
4.176000000000000000e+03 1.053334412909308782e+02 1.000000000000000000e+01 1.000000000000000000e+00
4.178000000000000000e+03 8.519629865192450779e+01 1.000000000000000000e+01 1.000000000000000000e+00
4.180000000000000000e+03 1.141464343010670319e+02 1.000000000000000000e+01 1.000000000000000000e+00
4.185000000000000000e+03 1.006131525522703214e+02 1.000000000000000000e+01 1.000000000000000000e+00
4.202000000000000000e+03 1.036937141406837952e+02 1.000000000000000000e+01 1.000000000000000000e+00
4.260000000000000000e+03 1.038113288480544867e+02 1.000000000000000000e+01 1.000000000000000000e+00
4.290000000000000000e+03 1.008597274304721054e+02 1.000000000000000000e+01 1.000000000000000000e+00
4.294000000000000000e+03 9.834670075366499020e+01 1.000000000000000000e+01 1.000000000000000000e+00
4.302000000000000000e+03 9.457801920679214902e+01 1.000000000000000000e+01 1.000000000000000000e+00
4.366000000000000000e+03 1.101614137498368109e+02 1.000000000000000000e+01 1.000000000000000000e+00
4.380000000000000000e+03 1.154940452842706122e+02 1.000000000000000000e+01 1.000000000000000000e+00
4.383000000000000000e+03 8.860064366795862156e+01 1.000000000000000000e+01 1.000000000000000000e+00
4.385000000000000000e+03 1.290893217594535827e+02 1.000000000000000000e+01 1.000000000000000000e+00
4.388000000000000000e+03 8.940635340730074176e+01 1.000000000000000000e+01 1.000000000000000000e+00
4.396000000000000000e+03 1.030537910041329184e+02 1.000000000000000000e+01 1.000000000000000000e+00
4.407000000000000000e+03 8.496393389961234277e+01 1.000000000000000000e+01 1.000000000000000000e+00
4.456000000000000000e+03 9.563875143364187181e+01 1.000000000000000000e+01 1.000000000000000000e+00
4.516000000000000000e+03 9.378923695630247437e+01 1.000000000000000000e+01 1.000000000000000000e+00
4.533000000000000000e+03 1.053602473973569715e+02 1.000000000000000000e+01 1.000000000000000000e+00
4.571000000000000000e+03 1.139219464972760676e+02 1.000000000000000000e+01 1.000000000000000000e+00
4.577000000000000000e+03 1.025209724346466515e+02 1.000000000000000000e+01 1.000000000000000000e+00
4.629000000000000000e+03 9.084531031375735211e+01 1.000000000000000000e+01 1.000000000000000000e+00
4.654000000000000000e+03 8.592855608239604237e+01 1.000000000000000000e+01 1.000000000000000000e+00
4.691000000000000000e+03 5.830853700472837176e+01 1.000000000000000000e+01 1.000000000000000000e+00
4.696000000000000000e+03 8.237466009323003391e+01 1.000000000000000000e+01 1.000000000000000000e+00
4.697000000000000000e+03 9.723715296683526788e+01 1.000000000000000000e+01 1.000000000000000000e+00
4.716000000000000000e+03 9.985520224862375471e+01 1.000000000000000000e+01 1.000000000000000000e+00
4.717000000000000000e+03 1.082742644908843630e+02 1.000000000000000000e+01 1.000000000000000000e+00
4.724000000000000000e+03 8.745816255841330644e+01 1.000000000000000000e+01 1.000000000000000000e+00
4.737000000000000000e+03 8.384423889352457593e+01 1.000000000000000000e+01 1.000000000000000000e+00
4.744000000000000000e+03 8.803286498902842538e+01 1.000000000000000000e+01 1.000000000000000000e+00
4.780000000000000000e+03 9.623719934331477077e+01 1.000000000000000000e+01 1.000000000000000000e+00
4.794000000000000000e+03 8.958407339929738100e+01 1.000000000000000000e+01 1.000000000000000000e+00
4.797000000000000000e+03 9.433174872165854197e+01 1.000000000000000000e+01 1.000000000000000000e+00
4.845000000000000000e+03 1.074302835941347922e+02 1.000000000000000000e+01 1.000000000000000000e+00
4.852000000000000000e+03 1.003275900487216177e+02 1.000000000000000000e+01 1.000000000000000000e+00
4.871000000000000000e+03 9.529845320838241207e+01 1.000000000000000000e+01 1.000000000000000000e+00
4.881000000000000000e+03 1.047060573397910730e+02 1.000000000000000000e+01 1.000000000000000000e+00
4.888000000000000000e+03 1.364588404679553264e+02 1.000000000000000000e+01 1.000000000000000000e+00
4.903000000000000000e+03 7.732719552384661199e+01 1.000000000000000000e+01 1.000000000000000000e+00
4.942000000000000000e+03 9.405445845723275511e+01 1.000000000000000000e+01 1.000000000000000000e+00
4.944000000000000000e+03 8.289930848431963284e+01 1.000000000000000000e+01 1.000000000000000000e+00
4.980000000000000000e+03 9.278206301066262540e+01 1.000000000000000000e+01 1.000000000000000000e+00
4.986000000000000000e+03 7.643554624799685371e+01 1.000000000000000000e+01 1.000000000000000000e+00
4.993000000000000000e+03 7.479246745650885941e+01 1.000000000000000000e+01 1.000000000000000000e+00
4.994000000000000000e+03 1.081459118370955537e+02 1.000000000000000000e+01 1.000000000000000000e+00
4.996000000000000000e+03 1.039629515092187830e+02 1.000000000000000000e+01 1.000000000000000000e+00
5.028000000000000000e+03 9.951693428396252727e+01 1.000000000000000000e+01 1.000000000000000000e+00
5.059000000000000000e+03 1.244960986869670307e+02 1.000000000000000000e+01 1.000000000000000000e+00
5.062000000000000000e+03 1.000086543114022390e+02 1.000000000000000000e+01 1.000000000000000000e+00
5.128000000000000000e+03 8.089994205383672465e+01 1.000000000000000000e+01 1.000000000000000000e+00
5.142000000000000000e+03 1.162323639154858483e+02 1.000000000000000000e+01 1.000000000000000000e+00
5.190000000000000000e+03 9.440160403672265943e+01 1.000000000000000000e+01 1.000000000000000000e+00
5.228000000000000000e+03 7.554559110600554561e+01 1.000000000000000000e+01 1.000000000000000000e+00
5.230000000000000000e+03 8.336134911055025043e+01 1.000000000000000000e+01 1.000000000000000000e+00
5.234000000000000000e+03 7.641778285953922989e+01 1.000000000000000000e+01 1.000000000000000000e+00
5.288000000000000000e+03 9.541078978994505633e+01 1.000000000000000000e+01 1.000000000000000000e+00
5.307000000000000000e+03 1.094817501972062104e+02 1.000000000000000000e+01 1.000000000000000000e+00
5.310000000000000000e+03 1.045372991318094620e+02 1.000000000000000000e+01 1.000000000000000000e+00
5.314000000000000000e+03 1.094292603931949515e+02 1.000000000000000000e+01 1.000000000000000000e+00
5.324000000000000000e+03 9.882075397470759981e+01 1.000000000000000000e+01 1.000000000000000000e+00
5.338000000000000000e+03 8.828655055439170951e+01 1.000000000000000000e+01 1.000000000000000000e+00
5.346000000000000000e+03 9.797400660111988202e+01 1.000000000000000000e+01 1.000000000000000000e+00
5.349000000000000000e+03 1.055195942221139944e+02 1.000000000000000000e+01 1.000000000000000000e+00
5.355000000000000000e+03 1.157943178804722919e+02 1.000000000000000000e+01 1.000000000000000000e+00
5.376000000000000000e+03 1.122093702747185802e+02 1.000000000000000000e+01 1.000000000000000000e+00
5.399000000000000000e+03 9.685776313303084351e+01 1.000000000000000000e+01 1.000000000000000000e+00
5.431000000000000000e+03 9.466344081272252708e+01 1.000000000000000000e+01 1.000000000000000000e+00
5.450000000000000000e+03 6.527569841633223291e+01 1.000000000000000000e+01 1.000000000000000000e+00
5.464000000000000000e+03 9.844912078563633884e+01 1.000000000000000000e+01 1.000000000000000000e+00
5.470000000000000000e+03 8.763590205857965998e+01 1.000000000000000000e+01 1.000000000000000000e+00
5.472000000000000000e+03 8.823941723207630616e+01 1.000000000000000000e+01 1.000000000000000000e+00
5.481000000000000000e+03 9.356333020402554723e+01 1.000000000000000000e+01 1.000000000000000000e+00
5.505000000000000000e+03 1.092984241958200897e+02 1.000000000000000000e+01 1.000000000000000000e+00
5.534000000000000000e+03 1.015122076242384423e+02 1.000000000000000000e+01 1.000000000000000000e+00
5.556000000000000000e+03 1.290568702410351989e+02 1.000000000000000000e+01 1.000000000000000000e+00
5.573000000000000000e+03 9.941751563124152824e+01 1.000000000000000000e+01 1.000000000000000000e+00
5.652000000000000000e+03 1.191045901615649143e+02 1.000000000000000000e+01 1.000000000000000000e+00
5.670000000000000000e+03 9.033072797772986462e+01 1.000000000000000000e+01 1.000000000000000000e+00
5.696000000000000000e+03 1.134316697772379854e+02 1.000000000000000000e+01 1.000000000000000000e+00
5.709000000000000000e+03 1.033256756048581195e+02 1.000000000000000000e+01 1.000000000000000000e+00
5.719000000000000000e+03 9.320439294568176081e+01 1.000000000000000000e+01 1.000000000000000000e+00
5.733000000000000000e+03 8.777649451865548258e+01 1.000000000000000000e+01 1.000000000000000000e+00
5.796000000000000000e+03 1.079890953386623949e+02 1.000000000000000000e+01 1.000000000000000000e+00
5.842000000000000000e+03 1.004992976337976529e+02 1.000000000000000000e+01 1.000000000000000000e+00
5.845000000000000000e+03 1.018576282041430972e+02 1.000000000000000000e+01 1.000000000000000000e+00
5.851000000000000000e+03 8.342486275253565964e+01 1.000000000000000000e+01 1.000000000000000000e+00
5.854000000000000000e+03 1.004049257676429505e+02 1.000000000000000000e+01 1.000000000000000000e+00
5.893000000000000000e+03 1.018619200570218766e+02 1.000000000000000000e+01 1.000000000000000000e+00
5.905000000000000000e+03 1.055836849466804210e+02 1.000000000000000000e+01 1.000000000000000000e+00
5.926000000000000000e+03 1.027711287881682267e+02 1.000000000000000000e+01 1.000000000000000000e+00
5.992000000000000000e+03 8.894228774798635584e+01 1.000000000000000000e+01 1.000000000000000000e+00
6.016000000000000000e+03 9.669986989618746520e+01 1.000000000000000000e+01 1.000000000000000000e+00
6.063000000000000000e+03 1.069322197778813006e+02 1.000000000000000000e+01 1.000000000000000000e+00
6.113000000000000000e+03 7.935360879328376882e+01 1.000000000000000000e+01 1.000000000000000000e+00
6.128000000000000000e+03 1.162599731634121412e+02 1.000000000000000000e+01 1.000000000000000000e+00
6.138000000000000000e+03 7.497167345261001969e+01 1.000000000000000000e+01 1.000000000000000000e+00
6.145000000000000000e+03 1.067116878973891687e+02 1.000000000000000000e+01 1.000000000000000000e+00
6.148000000000000000e+03 9.597068613082052480e+01 1.000000000000000000e+01 1.000000000000000000e+00
6.155000000000000000e+03 1.088680672266875007e+02 1.000000000000000000e+01 1.000000000000000000e+00
6.304000000000000000e+03 1.120954968232987170e+02 1.000000000000000000e+01 1.000000000000000000e+00
6.366000000000000000e+03 1.012400172968153527e+02 1.000000000000000000e+01 1.000000000000000000e+00
6.389000000000000000e+03 1.075804115548637014e+02 1.000000000000000000e+01 1.000000000000000000e+00
6.449000000000000000e+03 8.233440759799687214e+01 1.000000000000000000e+01 1.000000000000000000e+00
6.479000000000000000e+03 1.162107494861474919e+02 1.000000000000000000e+01 1.000000000000000000e+00
6.533000000000000000e+03 9.094488199063323464e+01 1.000000000000000000e+01 1.000000000000000000e+00
6.545000000000000000e+03 1.015850008884370794e+02 1.000000000000000000e+01 1.000000000000000000e+00
6.552000000000000000e+03 1.203364134414242699e+02 1.000000000000000000e+01 1.000000000000000000e+00
6.565000000000000000e+03 1.015321435079896020e+02 1.000000000000000000e+01 1.000000000000000000e+00
6.577000000000000000e+03 1.053190444032825326e+02 1.000000000000000000e+01 1.000000000000000000e+00
6.603000000000000000e+03 1.335916659968553120e+02 1.000000000000000000e+01 1.000000000000000000e+00
6.605000000000000000e+03 1.290589255167990075e+02 1.000000000000000000e+01 1.000000000000000000e+00
6.642000000000000000e+03 1.027420071809324895e+02 1.000000000000000000e+01 1.000000000000000000e+00
6.650000000000000000e+03 1.049860677269895746e+02 1.000000000000000000e+01 1.000000000000000000e+00
6.664000000000000000e+03 1.241698834282012882e+02 1.000000000000000000e+01 1.000000000000000000e+00
6.670000000000000000e+03 9.922702404798300790e+01 1.000000000000000000e+01 1.000000000000000000e+00
6.681000000000000000e+03 7.643055873858146754e+01 1.000000000000000000e+01 1.000000000000000000e+00
6.690000000000000000e+03 1.016375635760790743e+02 1.000000000000000000e+01 1.000000000000000000e+00
6.709000000000000000e+03 9.295538844455109029e+01 1.000000000000000000e+01 1.000000000000000000e+00
6.728000000000000000e+03 1.047135275041711964e+02 1.000000000000000000e+01 1.000000000000000000e+00
6.769000000000000000e+03 8.752648021213542506e+01 1.000000000000000000e+01 1.000000000000000000e+00
6.773000000000000000e+03 9.966089786801418882e+01 1.000000000000000000e+01 1.000000000000000000e+00
6.793000000000000000e+03 1.044812381353006145e+02 1.000000000000000000e+01 1.000000000000000000e+00
6.876000000000000000e+03 9.341517645382475621e+01 1.000000000000000000e+01 1.000000000000000000e+00
6.968000000000000000e+03 1.004380696364389394e+02 1.000000000000000000e+01 1.000000000000000000e+00
6.972000000000000000e+03 1.079412452779655780e+02 1.000000000000000000e+01 1.000000000000000000e+00
6.981000000000000000e+03 1.219998969625156917e+02 1.000000000000000000e+01 1.000000000000000000e+00
6.985000000000000000e+03 1.015779018961535769e+02 1.000000000000000000e+01 1.000000000000000000e+00
7.023000000000000000e+03 9.967560527612528176e+01 1.000000000000000000e+01 1.000000000000000000e+00
7.061000000000000000e+03 1.060855434157100490e+02 1.000000000000000000e+01 1.000000000000000000e+00
7.064000000000000000e+03 1.016637865182995739e+02 1.000000000000000000e+01 1.000000000000000000e+00
7.104000000000000000e+03 1.229625095266873558e+02 1.000000000000000000e+01 1.000000000000000000e+00
7.155000000000000000e+03 9.867499389709018942e+01 1.000000000000000000e+01 1.000000000000000000e+00
7.189000000000000000e+03 9.331289818605813480e+01 1.000000000000000000e+01 1.000000000000000000e+00
7.262000000000000000e+03 1.001931828686298616e+02 1.000000000000000000e+01 1.000000000000000000e+00
7.272000000000000000e+03 9.417439519128473080e+01 1.000000000000000000e+01 1.000000000000000000e+00
7.278000000000000000e+03 1.018694204252896185e+02 1.000000000000000000e+01 1.000000000000000000e+00
7.296000000000000000e+03 9.629447198988133039e+01 1.000000000000000000e+01 1.000000000000000000e+00
7.299000000000000000e+03 1.127960455960095913e+02 1.000000000000000000e+01 1.000000000000000000e+00
7.325000000000000000e+03 8.537665389787443360e+01 1.000000000000000000e+01 1.000000000000000000e+00
7.330000000000000000e+03 1.115625147611919630e+02 1.000000000000000000e+01 1.000000000000000000e+00
7.336000000000000000e+03 7.886568620440070276e+01 1.000000000000000000e+01 1.000000000000000000e+00
7.379000000000000000e+03 8.379893954037967774e+01 1.000000000000000000e+01 1.000000000000000000e+00
7.405000000000000000e+03 1.189612968423664370e+02 1.000000000000000000e+01 1.000000000000000000e+00
7.451000000000000000e+03 1.118389982543082937e+02 1.000000000000000000e+01 1.000000000000000000e+00
7.455000000000000000e+03 1.061910466334454952e+02 1.000000000000000000e+01 1.000000000000000000e+00
7.457000000000000000e+03 1.050098209933868816e+02 1.000000000000000000e+01 1.000000000000000000e+00
7.492000000000000000e+03 1.157969080127305972e+02 1.000000000000000000e+01 1.000000000000000000e+00
7.501000000000000000e+03 1.034991541344459165e+02 1.000000000000000000e+01 1.000000000000000000e+00
7.533000000000000000e+03 1.010856972484793204e+02 1.000000000000000000e+01 1.000000000000000000e+00
7.566000000000000000e+03 9.656239343775597206e+01 1.000000000000000000e+01 1.000000000000000000e+00
7.588000000000000000e+03 1.312872624995911508e+02 1.000000000000000000e+01 1.000000000000000000e+00
7.603000000000000000e+03 9.786124712477480614e+01 1.000000000000000000e+01 1.000000000000000000e+00
7.652000000000000000e+03 1.153861665823981042e+02 1.000000000000000000e+01 1.000000000000000000e+00
7.658000000000000000e+03 9.543923115766492060e+01 1.000000000000000000e+01 1.000000000000000000e+00
7.662000000000000000e+03 1.009364158823064770e+02 1.000000000000000000e+01 1.000000000000000000e+00
7.670000000000000000e+03 1.050318435019021166e+02 1.000000000000000000e+01 1.000000000000000000e+00
7.736000000000000000e+03 9.759511924865606147e+01 1.000000000000000000e+01 1.000000000000000000e+00
7.742000000000000000e+03 8.842560513012975321e+01 1.000000000000000000e+01 1.000000000000000000e+00
7.803000000000000000e+03 8.492891641205326891e+01 1.000000000000000000e+01 1.000000000000000000e+00
7.809000000000000000e+03 9.238271095073764627e+01 1.000000000000000000e+01 1.000000000000000000e+00
7.811000000000000000e+03 9.852808285553184930e+01 1.000000000000000000e+01 1.000000000000000000e+00
7.812000000000000000e+03 8.893192064868637203e+01 1.000000000000000000e+01 1.000000000000000000e+00
7.855000000000000000e+03 1.017798556964605581e+02 1.000000000000000000e+01 1.000000000000000000e+00
7.870000000000000000e+03 8.958906586901315450e+01 1.000000000000000000e+01 1.000000000000000000e+00
7.879000000000000000e+03 1.165111558213388321e+02 1.000000000000000000e+01 1.000000000000000000e+00
7.900000000000000000e+03 8.932008416222568314e+01 1.000000000000000000e+01 1.000000000000000000e+00
7.920000000000000000e+03 9.638474803771039490e+01 1.000000000000000000e+01 1.000000000000000000e+00
7.937000000000000000e+03 1.228070345564881336e+02 1.000000000000000000e+01 1.000000000000000000e+00
7.958000000000000000e+03 1.060086299100988185e+02 1.000000000000000000e+01 1.000000000000000000e+00
7.975000000000000000e+03 1.022086448144304853e+02 1.000000000000000000e+01 1.000000000000000000e+00
7.983000000000000000e+03 1.032798267673204720e+02 1.000000000000000000e+01 1.000000000000000000e+00
7.995000000000000000e+03 9.448540582507826002e+01 1.000000000000000000e+01 1.000000000000000000e+00
7.998000000000000000e+03 8.050023697475783990e+01 1.000000000000000000e+01 1.000000000000000000e+00
8.049000000000000000e+03 9.689668912957448299e+01 1.000000000000000000e+01 1.000000000000000000e+00
8.122000000000000000e+03 9.094615881415373337e+01 1.000000000000000000e+01 1.000000000000000000e+00
8.123000000000000000e+03 7.840364454389457194e+01 1.000000000000000000e+01 1.000000000000000000e+00
8.165000000000000000e+03 9.879813019687047415e+01 1.000000000000000000e+01 1.000000000000000000e+00
8.171000000000000000e+03 6.357719749687818478e+01 1.000000000000000000e+01 1.000000000000000000e+00
8.202000000000000000e+03 1.096267524955345749e+02 1.000000000000000000e+01 1.000000000000000000e+00
8.208000000000000000e+03 1.103748777197341866e+02 1.000000000000000000e+01 1.000000000000000000e+00
8.265000000000000000e+03 9.539133014146683820e+01 1.000000000000000000e+01 1.000000000000000000e+00
8.291000000000000000e+03 1.177442379726241484e+02 1.000000000000000000e+01 1.000000000000000000e+00
8.304000000000000000e+03 1.354703327438429312e+02 1.000000000000000000e+01 1.000000000000000000e+00
8.309000000000000000e+03 1.150996982302963119e+02 1.000000000000000000e+01 1.000000000000000000e+00
8.317000000000000000e+03 1.059141204234447997e+02 1.000000000000000000e+01 1.000000000000000000e+00
8.330000000000000000e+03 1.214079680171369802e+02 1.000000000000000000e+01 1.000000000000000000e+00
8.342000000000000000e+03 9.242439094473354544e+01 1.000000000000000000e+01 1.000000000000000000e+00
8.347000000000000000e+03 1.003547848571966625e+02 1.000000000000000000e+01 1.000000000000000000e+00
8.360000000000000000e+03 1.136792150030940576e+02 1.000000000000000000e+01 1.000000000000000000e+00
8.393000000000000000e+03 8.024449159315155100e+01 1.000000000000000000e+01 1.000000000000000000e+00
8.406000000000000000e+03 1.079750180285409726e+02 1.000000000000000000e+01 1.000000000000000000e+00
8.452000000000000000e+03 1.010882126257595814e+02 1.000000000000000000e+01 1.000000000000000000e+00
8.514000000000000000e+03 9.663751665887660636e+01 1.000000000000000000e+01 1.000000000000000000e+00
8.534000000000000000e+03 9.772177047773875813e+01 1.000000000000000000e+01 1.000000000000000000e+00
8.578000000000000000e+03 1.228050095001155881e+02 1.000000000000000000e+01 1.000000000000000000e+00
8.605000000000000000e+03 8.031172945299647381e+01 1.000000000000000000e+01 1.000000000000000000e+00
8.612000000000000000e+03 9.173570617725262366e+01 1.000000000000000000e+01 1.000000000000000000e+00
8.615000000000000000e+03 1.039478837151816890e+02 1.000000000000000000e+01 1.000000000000000000e+00
8.629000000000000000e+03 8.114485012105622275e+01 1.000000000000000000e+01 1.000000000000000000e+00
8.672000000000000000e+03 1.000274277096136757e+02 1.000000000000000000e+01 1.000000000000000000e+00
8.675000000000000000e+03 1.128730956262880625e+02 1.000000000000000000e+01 1.000000000000000000e+00
8.682000000000000000e+03 1.282734748028001093e+02 1.000000000000000000e+01 1.000000000000000000e+00
8.735000000000000000e+03 8.587757505137712144e+01 1.000000000000000000e+01 1.000000000000000000e+00
8.741000000000000000e+03 1.251648560108786228e+02 1.000000000000000000e+01 1.000000000000000000e+00
8.749000000000000000e+03 1.049579130272894787e+02 1.000000000000000000e+01 1.000000000000000000e+00
8.795000000000000000e+03 1.351962123001869713e+02 1.000000000000000000e+01 1.000000000000000000e+00
8.797000000000000000e+03 9.498408444636513082e+01 1.000000000000000000e+01 1.000000000000000000e+00
8.809000000000000000e+03 9.538479243187171619e+01 1.000000000000000000e+01 1.000000000000000000e+00
8.838000000000000000e+03 1.077069390803667375e+02 1.000000000000000000e+01 1.000000000000000000e+00
8.881000000000000000e+03 1.015970767957871601e+02 1.000000000000000000e+01 1.000000000000000000e+00
8.884000000000000000e+03 9.827815822236381393e+01 1.000000000000000000e+01 1.000000000000000000e+00
8.888000000000000000e+03 9.869581045508181205e+01 1.000000000000000000e+01 1.000000000000000000e+00
8.923000000000000000e+03 9.876006444535902062e+01 1.000000000000000000e+01 1.000000000000000000e+00
8.948000000000000000e+03 8.753294993630576926e+01 1.000000000000000000e+01 1.000000000000000000e+00
8.963000000000000000e+03 9.606781354430218300e+01 1.000000000000000000e+01 1.000000000000000000e+00
9.001000000000000000e+03 1.133281100560727594e+02 1.000000000000000000e+01 1.000000000000000000e+00
9.013000000000000000e+03 1.029031409418246170e+02 1.000000000000000000e+01 1.000000000000000000e+00
9.016000000000000000e+03 1.160987618690078875e+02 1.000000000000000000e+01 1.000000000000000000e+00
9.069000000000000000e+03 9.427195392333662483e+01 1.000000000000000000e+01 1.000000000000000000e+00
9.122000000000000000e+03 1.173521365321108050e+02 1.000000000000000000e+01 1.000000000000000000e+00
9.144000000000000000e+03 9.232090894137081705e+01 1.000000000000000000e+01 1.000000000000000000e+00
9.156000000000000000e+03 1.073803911678768657e+02 1.000000000000000000e+01 1.000000000000000000e+00
9.171000000000000000e+03 1.201181987884810525e+02 1.000000000000000000e+01 1.000000000000000000e+00
9.205000000000000000e+03 9.522027993121913880e+01 1.000000000000000000e+01 1.000000000000000000e+00
9.236000000000000000e+03 1.252109590656939417e+02 1.000000000000000000e+01 1.000000000000000000e+00
9.268000000000000000e+03 9.593469160664783146e+01 1.000000000000000000e+01 1.000000000000000000e+00
9.295000000000000000e+03 8.973935473761966364e+01 1.000000000000000000e+01 1.000000000000000000e+00
9.355000000000000000e+03 9.015788019714719326e+01 1.000000000000000000e+01 1.000000000000000000e+00
9.366000000000000000e+03 1.114627501749312017e+02 1.000000000000000000e+01 1.000000000000000000e+00
9.401000000000000000e+03 1.224002776357323370e+02 1.000000000000000000e+01 1.000000000000000000e+00
9.423000000000000000e+03 1.171843322082613099e+02 1.000000000000000000e+01 1.000000000000000000e+00
9.434000000000000000e+03 1.024551032666166037e+02 1.000000000000000000e+01 1.000000000000000000e+00
9.440000000000000000e+03 1.299974943961317990e+02 1.000000000000000000e+01 1.000000000000000000e+00
9.482000000000000000e+03 8.421966112466394350e+01 1.000000000000000000e+01 1.000000000000000000e+00
9.537000000000000000e+03 9.745059953907450279e+01 1.000000000000000000e+01 1.000000000000000000e+00
9.538000000000000000e+03 8.834939917195831072e+01 1.000000000000000000e+01 1.000000000000000000e+00
9.571000000000000000e+03 9.330607396277346766e+01 1.000000000000000000e+01 1.000000000000000000e+00
9.596000000000000000e+03 9.873894981355368827e+01 1.000000000000000000e+01 1.000000000000000000e+00
9.603000000000000000e+03 1.069699032857284635e+02 1.000000000000000000e+01 1.000000000000000000e+00
9.605000000000000000e+03 1.104378137610068222e+02 1.000000000000000000e+01 1.000000000000000000e+00
9.608000000000000000e+03 1.041466016763941838e+02 1.000000000000000000e+01 1.000000000000000000e+00
9.662000000000000000e+03 8.648824391001821255e+01 1.000000000000000000e+01 1.000000000000000000e+00
9.672000000000000000e+03 9.396824396127335888e+01 1.000000000000000000e+01 1.000000000000000000e+00
9.718000000000000000e+03 7.434766944923673293e+01 1.000000000000000000e+01 1.000000000000000000e+00
9.721000000000000000e+03 8.317854514997870297e+01 1.000000000000000000e+01 1.000000000000000000e+00
9.761000000000000000e+03 8.217377115129309573e+01 1.000000000000000000e+01 1.000000000000000000e+00
9.777000000000000000e+03 1.186925670117411897e+02 1.000000000000000000e+01 1.000000000000000000e+00
9.792000000000000000e+03 1.199007145449718763e+02 1.000000000000000000e+01 1.000000000000000000e+00
9.793000000000000000e+03 1.206486678760545743e+02 1.000000000000000000e+01 1.000000000000000000e+00
9.825000000000000000e+03 9.582687692508129373e+01 1.000000000000000000e+01 1.000000000000000000e+00
9.863000000000000000e+03 1.100069662967328838e+02 1.000000000000000000e+01 1.000000000000000000e+00
9.878000000000000000e+03 9.567590528396297600e+01 1.000000000000000000e+01 1.000000000000000000e+00
9.881000000000000000e+03 1.003746141200416702e+02 1.000000000000000000e+01 1.000000000000000000e+00
9.897000000000000000e+03 8.925598173913449784e+01 1.000000000000000000e+01 1.000000000000000000e+00
9.911000000000000000e+03 1.113903785748509989e+02 1.000000000000000000e+01 1.000000000000000000e+00
9.912000000000000000e+03 9.977211388418896831e+01 1.000000000000000000e+01 1.000000000000000000e+00
9.934000000000000000e+03 9.445496619630900170e+01 1.000000000000000000e+01 1.000000000000000000e+00
9.943000000000000000e+03 8.274552264802856882e+01 1.000000000000000000e+01 1.000000000000000000e+00
9.946000000000000000e+03 9.084911942307716970e+01 1.000000000000000000e+01 1.000000000000000000e+00
9.949000000000000000e+03 1.126221379151856468e+02 1.000000000000000000e+01 1.000000000000000000e+00
9.958000000000000000e+03 1.241632682489253057e+02 1.000000000000000000e+01 1.000000000000000000e+00
9.959000000000000000e+03 1.206922409863461496e+02 1.000000000000000000e+01 1.000000000000000000e+00
9.966000000000000000e+03 1.208885697889945732e+02 1.000000000000000000e+01 1.000000000000000000e+00
9.983000000000000000e+03 1.305468360113262349e+02 1.000000000000000000e+01 1.000000000000000000e+00
