# P_qpo=100,mean=100,P_drw=100,Q=80, sigma_noise=1, timerange=1000, length=150, time_sigma=0.7
0.000000000000000000e+00 8.799971900972005301e+01 1.000000000000000000e+00 1.000000000000000000e+00
5.975251134260749275e+00 8.039566038911313228e+01 1.000000000000000000e+00 1.000000000000000000e+00
1.329892276746323532e+01 7.931325491311470444e+01 1.000000000000000000e+00 1.000000000000000000e+00
1.936158575846265961e+01 7.810263273706466691e+01 1.000000000000000000e+00 1.000000000000000000e+00
2.735884333548227332e+01 9.832967222968952115e+01 1.000000000000000000e+00 1.000000000000000000e+00
3.386029950289807999e+01 9.997256293985245179e+01 1.000000000000000000e+00 1.000000000000000000e+00
4.046818811713203701e+01 1.014828250066416757e+02 1.000000000000000000e+00 1.000000000000000000e+00
4.731144329061563525e+01 1.016488733914456617e+02 1.000000000000000000e+00 1.000000000000000000e+00
5.336220929446965755e+01 9.962288078868159857e+01 1.000000000000000000e+00 1.000000000000000000e+00
5.932141129998908013e+01 1.119418225400533089e+02 1.000000000000000000e+00 1.000000000000000000e+00
6.717078301917321426e+01 1.086074108583102031e+02 1.000000000000000000e+00 1.000000000000000000e+00
7.433820032863067695e+01 1.085367967301306749e+02 1.000000000000000000e+00 1.000000000000000000e+00
8.068227370029671874e+01 9.577832541577161862e+01 1.000000000000000000e+00 1.000000000000000000e+00
8.800065232823422434e+01 8.410076098671713396e+01 1.000000000000000000e+00 1.000000000000000000e+00
9.509778922440395377e+01 7.923596959444191157e+01 1.000000000000000000e+00 1.000000000000000000e+00
1.030373077011947913e+02 8.561828927181896631e+01 1.000000000000000000e+00 1.000000000000000000e+00
1.111614055936406089e+02 8.808868619980910353e+01 1.000000000000000000e+00 1.000000000000000000e+00
1.183061480921659125e+02 1.012505705029463172e+02 1.000000000000000000e+00 1.000000000000000000e+00
1.248072859848597744e+02 1.092084352402076064e+02 1.000000000000000000e+00 1.000000000000000000e+00
1.313290371082831882e+02 1.177649923150298861e+02 1.000000000000000000e+00 1.000000000000000000e+00
1.376070164073167916e+02 1.143782806775654421e+02 1.000000000000000000e+00 1.000000000000000000e+00
1.441862498370704770e+02 1.209803880242957916e+02 1.000000000000000000e+00 1.000000000000000000e+00
1.486129901895598096e+02 1.182639463327311375e+02 1.000000000000000000e+00 1.000000000000000000e+00
1.544172913188617144e+02 1.163447372676968428e+02 1.000000000000000000e+00 1.000000000000000000e+00
1.606402719997118993e+02 1.030439106000559235e+02 1.000000000000000000e+00 1.000000000000000000e+00
1.673709767361942511e+02 1.029721868269513720e+02 1.000000000000000000e+00 1.000000000000000000e+00
1.739851727965228747e+02 9.452087357580259663e+01 1.000000000000000000e+00 1.000000000000000000e+00
1.812982554232939378e+02 9.179433549428699735e+01 1.000000000000000000e+00 1.000000000000000000e+00
1.873852649250137574e+02 9.756056533542938780e+01 1.000000000000000000e+00 1.000000000000000000e+00
1.938642200246284517e+02 8.437463600541798314e+01 1.000000000000000000e+00 1.000000000000000000e+00
2.017936267330114504e+02 8.712733879382851399e+01 1.000000000000000000e+00 1.000000000000000000e+00
2.087446828484146693e+02 9.624213841402966807e+01 1.000000000000000000e+00 1.000000000000000000e+00
2.159516666216618148e+02 1.062540432826709207e+02 1.000000000000000000e+00 1.000000000000000000e+00
2.225480891989739689e+02 1.102577817804546498e+02 1.000000000000000000e+00 1.000000000000000000e+00
2.286753893075380688e+02 1.235987175577220540e+02 1.000000000000000000e+00 1.000000000000000000e+00
2.355714833409204800e+02 1.190005295356550477e+02 1.000000000000000000e+00 1.000000000000000000e+00
2.433119335170557633e+02 1.266219833907437931e+02 1.000000000000000000e+00 1.000000000000000000e+00
2.490223890529370863e+02 1.282774798147239892e+02 1.000000000000000000e+00 1.000000000000000000e+00
2.554598452268672304e+02 1.168893184658264204e+02 1.000000000000000000e+00 1.000000000000000000e+00
2.615857589711699234e+02 1.062061896599818880e+02 1.000000000000000000e+00 1.000000000000000000e+00
2.681366504078975481e+02 1.122369265754129799e+02 1.000000000000000000e+00 1.000000000000000000e+00
2.748359176247529945e+02 1.065179677356109238e+02 1.000000000000000000e+00 1.000000000000000000e+00
2.815274779830147622e+02 9.393089659783396428e+01 1.000000000000000000e+00 1.000000000000000000e+00
2.875881847497345234e+02 8.499090108189339787e+01 1.000000000000000000e+00 1.000000000000000000e+00
2.945692898475272727e+02 1.015094623118948078e+02 1.000000000000000000e+00 1.000000000000000000e+00
3.009177179683562144e+02 1.052217956468314668e+02 1.000000000000000000e+00 1.000000000000000000e+00
3.082606090851149929e+02 1.086879544523307288e+02 1.000000000000000000e+00 1.000000000000000000e+00
3.142546384128973500e+02 1.218124689339357900e+02 1.000000000000000000e+00 1.000000000000000000e+00
3.201826436888871967e+02 1.145060987026318173e+02 1.000000000000000000e+00 1.000000000000000000e+00
3.262635244455776160e+02 1.122617942926992214e+02 1.000000000000000000e+00 1.000000000000000000e+00
3.339588342745366845e+02 1.322034457191645913e+02 1.000000000000000000e+00 1.000000000000000000e+00
3.416381445092990816e+02 1.203477597847007416e+02 1.000000000000000000e+00 1.000000000000000000e+00
3.486215723082062823e+02 1.139299849839073886e+02 1.000000000000000000e+00 1.000000000000000000e+00
3.551767964004774853e+02 1.096435422624748099e+02 1.000000000000000000e+00 1.000000000000000000e+00
3.604295777926081428e+02 1.069846582272386399e+02 1.000000000000000000e+00 1.000000000000000000e+00
3.661417931151701737e+02 9.605301961235565500e+01 1.000000000000000000e+00 1.000000000000000000e+00
3.720690726421028103e+02 9.269833122703489892e+01 1.000000000000000000e+00 1.000000000000000000e+00
3.788178167648940189e+02 8.840709774828306422e+01 1.000000000000000000e+00 1.000000000000000000e+00
3.854581571588078077e+02 8.111994708252537123e+01 1.000000000000000000e+00 1.000000000000000000e+00
3.930937328479819257e+02 8.550680493347830691e+01 1.000000000000000000e+00 1.000000000000000000e+00
3.993444752699622313e+02 8.676180729757014376e+01 1.000000000000000000e+00 1.000000000000000000e+00
4.065789811672208316e+02 8.601541521865894424e+01 1.000000000000000000e+00 1.000000000000000000e+00
4.129842556636087352e+02 9.202238460693135380e+01 1.000000000000000000e+00 1.000000000000000000e+00
4.192998729562774543e+02 9.672314483380117167e+01 1.000000000000000000e+00 1.000000000000000000e+00
4.248311074413916799e+02 9.581060959890483275e+01 1.000000000000000000e+00 1.000000000000000000e+00
4.307441359275852619e+02 1.170383090873369980e+02 1.000000000000000000e+00 1.000000000000000000e+00
4.379660309473940742e+02 1.164604047417198132e+02 1.000000000000000000e+00 1.000000000000000000e+00
4.448802189505497608e+02 1.218358814795357432e+02 1.000000000000000000e+00 1.000000000000000000e+00
4.513533580776024223e+02 1.125887192502213736e+02 1.000000000000000000e+00 1.000000000000000000e+00
4.591598513558914192e+02 9.706236588415525546e+01 1.000000000000000000e+00 1.000000000000000000e+00
4.662382543754975472e+02 9.711643657586058964e+01 1.000000000000000000e+00 1.000000000000000000e+00
4.731414561782734154e+02 9.910458677479269340e+01 1.000000000000000000e+00 1.000000000000000000e+00
4.788662843462706746e+02 9.385094132729997796e+01 1.000000000000000000e+00 1.000000000000000000e+00
4.860276812211733954e+02 8.892284010718320530e+01 1.000000000000000000e+00 1.000000000000000000e+00
4.930781863856494738e+02 8.303632378267991498e+01 1.000000000000000000e+00 1.000000000000000000e+00
4.994070943640003861e+02 7.821941315664432182e+01 1.000000000000000000e+00 1.000000000000000000e+00
5.056276796058180594e+02 6.932514524225881303e+01 1.000000000000000000e+00 1.000000000000000000e+00
5.117245270080023829e+02 7.807342344459284789e+01 1.000000000000000000e+00 1.000000000000000000e+00
5.180429933992389806e+02 8.765041098497526662e+01 1.000000000000000000e+00 1.000000000000000000e+00
5.247899749431351211e+02 9.653454996532173027e+01 1.000000000000000000e+00 1.000000000000000000e+00
5.319383325436564292e+02 1.206636717652201582e+02 1.000000000000000000e+00 1.000000000000000000e+00
5.374971986453475665e+02 1.236152019788880381e+02 1.000000000000000000e+00 1.000000000000000000e+00
5.454868510259389041e+02 1.336337172926525056e+02 1.000000000000000000e+00 1.000000000000000000e+00
5.516348853230634859e+02 1.186344974313117575e+02 1.000000000000000000e+00 1.000000000000000000e+00
5.590185651227585595e+02 9.246315758473991764e+01 1.000000000000000000e+00 1.000000000000000000e+00
5.661824300899288573e+02 1.019442748661839886e+02 1.000000000000000000e+00 1.000000000000000000e+00
5.743160533796657319e+02 9.593233339392418202e+01 1.000000000000000000e+00 1.000000000000000000e+00
5.818877322368049363e+02 8.829105970495491817e+01 1.000000000000000000e+00 1.000000000000000000e+00
5.877004333318084264e+02 8.693669790978829326e+01 1.000000000000000000e+00 1.000000000000000000e+00
5.944676827559181902e+02 8.806471725947228890e+01 1.000000000000000000e+00 1.000000000000000000e+00
6.004349287515224205e+02 8.838297037730092143e+01 1.000000000000000000e+00 1.000000000000000000e+00
6.083382340774887780e+02 9.879491795360043227e+01 1.000000000000000000e+00 1.000000000000000000e+00
6.154160342374246966e+02 1.056339807535480588e+02 1.000000000000000000e+00 1.000000000000000000e+00
6.221761160846359644e+02 1.056766449877327005e+02 1.000000000000000000e+00 1.000000000000000000e+00
6.295655533880398025e+02 1.048572101313629190e+02 1.000000000000000000e+00 1.000000000000000000e+00
6.377384287341351410e+02 1.116511557237082002e+02 1.000000000000000000e+00 1.000000000000000000e+00
6.442081613716828770e+02 1.082623933183787983e+02 1.000000000000000000e+00 1.000000000000000000e+00
6.501094058562720193e+02 1.080263767721772439e+02 1.000000000000000000e+00 1.000000000000000000e+00
6.559362048115017387e+02 1.067070478285865107e+02 1.000000000000000000e+00 1.000000000000000000e+00
6.626584228194749357e+02 9.633891838978951228e+01 1.000000000000000000e+00 1.000000000000000000e+00
6.684261144046269010e+02 7.573968237390647573e+01 1.000000000000000000e+00 1.000000000000000000e+00
6.755525344565044179e+02 7.587215406198481560e+01 1.000000000000000000e+00 1.000000000000000000e+00
6.820427487480858417e+02 8.049405669980151856e+01 1.000000000000000000e+00 1.000000000000000000e+00
6.877309560864869127e+02 8.167647352660203808e+01 1.000000000000000000e+00 1.000000000000000000e+00
6.954959390186812698e+02 7.547555823637426897e+01 1.000000000000000000e+00 1.000000000000000000e+00
7.024593219279755658e+02 7.084921455503261711e+01 1.000000000000000000e+00 1.000000000000000000e+00
7.091839068404647151e+02 8.264609256622489397e+01 1.000000000000000000e+00 1.000000000000000000e+00
7.154231230945458719e+02 1.071983197882798322e+02 1.000000000000000000e+00 1.000000000000000000e+00
7.221188064846456882e+02 1.063744806495422921e+02 1.000000000000000000e+00 1.000000000000000000e+00
7.277003688476860361e+02 1.195654105685646869e+02 1.000000000000000000e+00 1.000000000000000000e+00
7.352578888038783589e+02 1.163288271948987500e+02 1.000000000000000000e+00 1.000000000000000000e+00
7.419809532892230663e+02 1.240117004170765682e+02 1.000000000000000000e+00 1.000000000000000000e+00
7.497040859091287075e+02 1.124855281585567468e+02 1.000000000000000000e+00 1.000000000000000000e+00
7.552613217776404326e+02 8.744696910621878772e+01 1.000000000000000000e+00 1.000000000000000000e+00
7.627019567026467257e+02 8.391367791215421335e+01 1.000000000000000000e+00 1.000000000000000000e+00
7.685277754778390999e+02 8.161449173445953420e+01 1.000000000000000000e+00 1.000000000000000000e+00
7.761031969186429933e+02 8.201782884871576584e+01 1.000000000000000000e+00 1.000000000000000000e+00
7.833777988128227889e+02 7.845183503516804535e+01 1.000000000000000000e+00 1.000000000000000000e+00
7.904565586538983553e+02 7.205604024114944650e+01 1.000000000000000000e+00 1.000000000000000000e+00
7.977748025639668867e+02 6.806277705042762705e+01 1.000000000000000000e+00 1.000000000000000000e+00
8.057266453121283121e+02 7.747454088151630458e+01 1.000000000000000000e+00 1.000000000000000000e+00
8.125247786936135981e+02 9.132206285203925233e+01 1.000000000000000000e+00 1.000000000000000000e+00
8.198343728121328695e+02 1.148494065222031537e+02 1.000000000000000000e+00 1.000000000000000000e+00
8.273728776118753103e+02 1.227630585067877718e+02 1.000000000000000000e+00 1.000000000000000000e+00
8.344258992314959187e+02 1.198494526992406151e+02 1.000000000000000000e+00 1.000000000000000000e+00
8.416326062558013064e+02 1.209271831957416907e+02 1.000000000000000000e+00 1.000000000000000000e+00
8.470370007894163109e+02 1.229160191347418305e+02 1.000000000000000000e+00 1.000000000000000000e+00
8.538979906735150962e+02 1.027654294907862749e+02 1.000000000000000000e+00 1.000000000000000000e+00
8.597798251686441517e+02 1.097878914354587181e+02 1.000000000000000000e+00 1.000000000000000000e+00
8.656873531053461193e+02 1.019032782355776874e+02 1.000000000000000000e+00 1.000000000000000000e+00
8.722521919311778902e+02 9.967428084484512851e+01 1.000000000000000000e+00 1.000000000000000000e+00
8.799251241244377297e+02 1.038813630112653925e+02 1.000000000000000000e+00 1.000000000000000000e+00
8.854174621194584915e+02 9.375127770124710480e+01 1.000000000000000000e+00 1.000000000000000000e+00
8.919693698028650033e+02 8.861999100361428816e+01 1.000000000000000000e+00 1.000000000000000000e+00
8.982027187802870003e+02 8.748978859936505614e+01 1.000000000000000000e+00 1.000000000000000000e+00
9.039638205288787276e+02 8.111535022905584924e+01 1.000000000000000000e+00 1.000000000000000000e+00
9.100436781623991465e+02 8.398728704577224846e+01 1.000000000000000000e+00 1.000000000000000000e+00
9.169726967648341542e+02 1.039746152881970858e+02 1.000000000000000000e+00 1.000000000000000000e+00
9.245663107931369495e+02 9.965126205729077924e+01 1.000000000000000000e+00 1.000000000000000000e+00
9.318337627864391379e+02 1.055141008939125982e+02 1.000000000000000000e+00 1.000000000000000000e+00
9.388519911000478260e+02 1.103681492375393276e+02 1.000000000000000000e+00 1.000000000000000000e+00
9.463816688561298633e+02 1.122265963533436519e+02 1.000000000000000000e+00 1.000000000000000000e+00
9.533041236941301122e+02 1.123407007817446299e+02 1.000000000000000000e+00 1.000000000000000000e+00
9.602479906636320948e+02 1.049857180485964250e+02 1.000000000000000000e+00 1.000000000000000000e+00
9.674523802621531559e+02 1.005946289357954981e+02 1.000000000000000000e+00 1.000000000000000000e+00
9.740056921950266542e+02 1.072618318231310610e+02 1.000000000000000000e+00 1.000000000000000000e+00
9.809688328002107482e+02 1.000780928309726932e+02 1.000000000000000000e+00 1.000000000000000000e+00
9.874477320370483540e+02 9.801077845729989235e+01 1.000000000000000000e+00 1.000000000000000000e+00
9.952566000318789747e+02 9.665941507501469232e+01 1.000000000000000000e+00 1.000000000000000000e+00
1.000782328252470279e+03 9.928256193330830115e+01 1.000000000000000000e+00 1.000000000000000000e+00
1.007420685505600773e+03 9.681909985151401088e+01 1.000000000000000000e+00 1.000000000000000000e+00
