# model=DRW+QPO, P_qpo=25, mean=100, P_drw=100, Q=80, sigma_noise=1, timerange=10000, length=100, time_sigma=0.7
0.000000000000000000e+00 9.847484145290782465e+01 1.000000000000000000e+00 1.000000000000000000e+02
1.010712966435719125e+02 9.129923426463426495e+01 1.000000000000000000e+00 1.000000000000000000e+02
2.004795727258711509e+02 1.065777086342228444e+02 1.000000000000000000e+00 1.000000000000000000e+02
3.004950940750671862e+02 1.039850407972739816e+02 1.000000000000000000e+00 1.000000000000000000e+02
4.022466395372800889e+02 1.088881356792756776e+02 1.000000000000000000e+00 1.000000000000000000e+02
5.023442147177682955e+02 1.046370553347526879e+02 1.000000000000000000e+00 1.000000000000000000e+02
6.030317737272265504e+02 9.017558071039731260e+01 1.000000000000000000e+00 1.000000000000000000e+02
7.040510525566721753e+02 1.008828831989900294e+02 1.000000000000000000e+00 1.000000000000000000e+02
8.047179821775343953e+02 9.409273957274263012e+01 1.000000000000000000e+00 1.000000000000000000e+02
9.055180712585599849e+02 9.383430416718331912e+01 1.000000000000000000e+00 1.000000000000000000e+02
1.005604579578220182e+03 9.603107472899888819e+01 1.000000000000000000e+00 1.000000000000000000e+02
1.106212578726790753e+03 1.019123051635916539e+02 1.000000000000000000e+00 1.000000000000000000e+02
1.207243435756712643e+03 1.019187028608522780e+02 1.000000000000000000e+00 1.000000000000000000e+02
1.308269869683475463e+03 1.091828582359603530e+02 1.000000000000000000e+00 1.000000000000000000e+02
1.407205745381199677e+03 1.078405364084034659e+02 1.000000000000000000e+00 1.000000000000000000e+02
1.507074219601002142e+03 1.058138629715636370e+02 1.000000000000000000e+00 1.000000000000000000e+02
1.607116663889571100e+03 1.040874733396437222e+02 1.000000000000000000e+00 1.000000000000000000e+02
1.705880641824796840e+03 9.050793992082635953e+01 1.000000000000000000e+00 1.000000000000000000e+02
1.806061099219026801e+03 9.396182506601482487e+01 1.000000000000000000e+00 1.000000000000000000e+02
1.906079803899967374e+03 1.037369547516328652e+02 1.000000000000000000e+00 1.000000000000000000e+02
2.007299085080074292e+03 9.872821208735226151e+01 1.000000000000000000e+00 1.000000000000000000e+02
2.107450321398978303e+03 1.054078519416775492e+02 1.000000000000000000e+00 1.000000000000000000e+02
2.207259002332511500e+03 9.277049595833933893e+01 1.000000000000000000e+00 1.000000000000000000e+02
2.307895338974859897e+03 1.001173928316466686e+02 1.000000000000000000e+00 1.000000000000000000e+02
2.407943252949973612e+03 9.777137953427596528e+01 1.000000000000000000e+00 1.000000000000000000e+02
2.508451267557413757e+03 1.052654861179959056e+02 1.000000000000000000e+00 1.000000000000000000e+02
2.609197726904059436e+03 9.417360856765164101e+01 1.000000000000000000e+00 1.000000000000000000e+02
2.708603838501971950e+03 1.031076353624200692e+02 1.000000000000000000e+00 1.000000000000000000e+02
2.808680081707798308e+03 8.396051186309529157e+01 1.000000000000000000e+00 1.000000000000000000e+02
2.909744910205658925e+03 8.601945664104580658e+01 1.000000000000000000e+00 1.000000000000000000e+02
3.009404925024686690e+03 1.088576074345372149e+02 1.000000000000000000e+00 1.000000000000000000e+02
3.109217286567199153e+03 9.971604177286155846e+01 1.000000000000000000e+00 1.000000000000000000e+02
3.210369544051279263e+03 1.075165113788861220e+02 1.000000000000000000e+00 1.000000000000000000e+02
3.310124964694640767e+03 9.364340927813761084e+01 1.000000000000000000e+00 1.000000000000000000e+02
3.409660474685597364e+03 1.052379544256767758e+02 1.000000000000000000e+00 1.000000000000000000e+02
3.509113299008425201e+03 1.008025734401873592e+02 1.000000000000000000e+00 1.000000000000000000e+02
3.609061765680252847e+03 1.001287947507886003e+02 1.000000000000000000e+00 1.000000000000000000e+02
3.708713372934783365e+03 1.018971059137387556e+02 1.000000000000000000e+00 1.000000000000000000e+02
3.808166683253763949e+03 1.073440036043929524e+02 1.000000000000000000e+00 1.000000000000000000e+02
3.907554839058757352e+03 9.860967639336763568e+01 1.000000000000000000e+00 1.000000000000000000e+02
4.008513090737633320e+03 1.045785938264557302e+02 1.000000000000000000e+00 1.000000000000000000e+02
4.109009492441607108e+03 1.017210192924379584e+02 1.000000000000000000e+00 1.000000000000000000e+02
4.208611067120490588e+03 9.681097720887312619e+01 1.000000000000000000e+00 1.000000000000000000e+02
4.309750815624252027e+03 9.568965910863951763e+01 1.000000000000000000e+00 1.000000000000000000e+02
4.409579156782957398e+03 1.142215091990220373e+02 1.000000000000000000e+00 1.000000000000000000e+02
4.508790481386246029e+03 1.017043544032149782e+02 1.000000000000000000e+00 1.000000000000000000e+02
4.608519879243735886e+03 9.896848879593801485e+01 1.000000000000000000e+00 1.000000000000000000e+02
4.707035696141885637e+03 9.184467614101374977e+01 1.000000000000000000e+00 1.000000000000000000e+02
4.807222110786320627e+03 9.794296957460858266e+01 1.000000000000000000e+00 1.000000000000000000e+02
4.908118628338006602e+03 1.072110650030862899e+02 1.000000000000000000e+00 1.000000000000000000e+02
5.007233530687691200e+03 8.873815845336240216e+01 1.000000000000000000e+00 1.000000000000000000e+02
5.106964031266001257e+03 1.020321699594374678e+02 1.000000000000000000e+00 1.000000000000000000e+02
5.206615663535896601e+03 9.423783928516094477e+01 1.000000000000000000e+00 1.000000000000000000e+02
5.307373034648397152e+03 1.001662593427160317e+02 1.000000000000000000e+00 1.000000000000000000e+02
5.406511230607075959e+03 1.059989839939203620e+02 1.000000000000000000e+00 1.000000000000000000e+02
5.505850120660749781e+03 1.197583335723102209e+02 1.000000000000000000e+00 1.000000000000000000e+02
5.605832693367222419e+03 1.076260185869216315e+02 1.000000000000000000e+00 1.000000000000000000e+02
5.705725781078179352e+03 1.054407358904573329e+02 1.000000000000000000e+00 1.000000000000000000e+02
5.806123740334305694e+03 1.055674538656514301e+02 1.000000000000000000e+00 1.000000000000000000e+02
5.907217305649706759e+03 1.065875027605161449e+02 1.000000000000000000e+00 1.000000000000000000e+02
6.006521707183032959e+03 9.074763164800910431e+01 1.000000000000000000e+00 1.000000000000000000e+02
6.106696351674559082e+03 1.009211921127510436e+02 1.000000000000000000e+00 1.000000000000000000e+02
6.206849486259347941e+03 9.785008221726161537e+01 1.000000000000000000e+00 1.000000000000000000e+02
6.305801161958212106e+03 9.924200753848452905e+01 1.000000000000000000e+00 1.000000000000000000e+02
6.404914664632870881e+03 8.965721116470557206e+01 1.000000000000000000e+00 1.000000000000000000e+02
6.504605510380402848e+03 1.006948937593165567e+02 1.000000000000000000e+00 1.000000000000000000e+02
6.604761319687094328e+03 1.019300357471842631e+02 1.000000000000000000e+00 1.000000000000000000e+02
6.704707360217756104e+03 1.017093004444082425e+02 1.000000000000000000e+00 1.000000000000000000e+02
6.803409631817553418e+03 1.002233090212257167e+02 1.000000000000000000e+00 1.000000000000000000e+02
6.902836189760470006e+03 1.116351938677103846e+02 1.000000000000000000e+00 1.000000000000000000e+02
7.001165824081032042e+03 9.096613488992862528e+01 1.000000000000000000e+00 1.000000000000000000e+02
7.100738549273215540e+03 9.005084456658630643e+01 1.000000000000000000e+00 1.000000000000000000e+02
7.200941972867862205e+03 1.053511081333486743e+02 1.000000000000000000e+00 1.000000000000000000e+02
7.300145586509087479e+03 9.333888677087344377e+01 1.000000000000000000e+00 1.000000000000000000e+02
7.400432574520418711e+03 1.081591543055161821e+02 1.000000000000000000e+00 1.000000000000000000e+02
7.500407399047741819e+03 1.035364753197651595e+02 1.000000000000000000e+00 1.000000000000000000e+02
7.600476939308455258e+03 1.020747452353419220e+02 1.000000000000000000e+00 1.000000000000000000e+02
7.700480257352873195e+03 1.049673630304362320e+02 1.000000000000000000e+00 1.000000000000000000e+02
7.802088135325991061e+03 1.071921037673174624e+02 1.000000000000000000e+00 1.000000000000000000e+02
7.901388233069369562e+03 8.933145067721102350e+01 1.000000000000000000e+00 1.000000000000000000e+02
8.001184672790627701e+03 1.023506344558499137e+02 1.000000000000000000e+00 1.000000000000000000e+02
8.101279613433696795e+03 1.006664653889998817e+02 1.000000000000000000e+00 1.000000000000000000e+02
8.201807458135870547e+03 9.324636182687139296e+01 1.000000000000000000e+00 1.000000000000000000e+02
8.301521602971984976e+03 9.320770846572744972e+01 1.000000000000000000e+00 1.000000000000000000e+02
8.402426980323903990e+03 9.831866029386173977e+01 1.000000000000000000e+00 1.000000000000000000e+02
8.503327480818719778e+03 8.456584674897274567e+01 1.000000000000000000e+00 1.000000000000000000e+02
8.603703960643146274e+03 9.585049130250961014e+01 1.000000000000000000e+00 1.000000000000000000e+02
8.704086273904813424e+03 1.072494732169948293e+02 1.000000000000000000e+00 1.000000000000000000e+02
8.804693261179567344e+03 9.511980722888169737e+01 1.000000000000000000e+00 1.000000000000000000e+02
8.904813857828643449e+03 9.863658464199643561e+01 1.000000000000000000e+00 1.000000000000000000e+02
9.004499096832696523e+03 9.782985587586028942e+01 1.000000000000000000e+00 1.000000000000000000e+02
9.103467556387833611e+03 1.044090521675130248e+02 1.000000000000000000e+00 1.000000000000000000e+02
9.202214892021953347e+03 8.795736809331674522e+01 1.000000000000000000e+00 1.000000000000000000e+02
9.302479555753083332e+03 1.133249706103741801e+02 1.000000000000000000e+00 1.000000000000000000e+02
9.402271491686908121e+03 9.717271876456247526e+01 1.000000000000000000e+00 1.000000000000000000e+02
9.502363020356686320e+03 9.894710131813116050e+01 1.000000000000000000e+00 1.000000000000000000e+02
9.603108610440009215e+03 1.016251405907126326e+02 1.000000000000000000e+00 1.000000000000000000e+02
9.703728595655562458e+03 8.220025056244703876e+01 1.000000000000000000e+00 1.000000000000000000e+02
9.803291552573824447e+03 1.011370382802360979e+02 1.000000000000000000e+00 1.000000000000000000e+02
9.902464712010621952e+03 1.046916738782062168e+02 1.000000000000000000e+00 1.000000000000000000e+02
