-9.822897345967078309e+02 -9.799188792797403948e+02
-1.004828687385911508e+03 -1.002462563347422929e+03
-1.025878087193300644e+03 -1.021630564417823280e+03
-1.014890769445373280e+03 -1.013739823743682791e+03
-1.010381817503512139e+03 -1.005486387060834204e+03
-1.008228818458628893e+03 -1.006707177621750134e+03
-1.004263798789340626e+03 -1.002241905044349551e+03
-9.964985476257659229e+02 -9.927116135862008832e+02
-1.028732357715854278e+03 -1.027206017109948561e+03
-1.002944675039880167e+03 -1.000792328947044098e+03
-1.009472474572367673e+03 -1.008070892019693702e+03
-9.996169775761238725e+02 -9.981976753894523426e+02
-1.002136978437355992e+03 -9.993826785586668393e+02
-9.916172134163309693e+02 -9.888328127759550625e+02
-1.026959445256163463e+03 -1.022941923250914897e+03
-1.005006237918610168e+03 -1.001412411774352904e+03
-1.025380908319998298e+03 -1.022958411412996384e+03
-1.037596494346853660e+03 -1.033523055064784558e+03
-1.009157447602884304e+03 -1.004778398922669339e+03
-1.008242311603235521e+03 -1.006105805955305414e+03
-1.022704036853698881e+03 -1.019677379979413217e+03
-1.009655209980442351e+03 -1.005673486125534282e+03
-9.794472950630763535e+02 -9.773192267248523422e+02
-1.015746063923408883e+03 -1.009905889555423755e+03
-1.015189349433590451e+03 -1.011580171541715799e+03
-1.009249844684930395e+03 -1.007790699688514223e+03
-9.952389591348646718e+02 -9.942737962061246435e+02
-9.968755074521595816e+02 -9.943870684863966289e+02
-9.942946813638984622e+02 -9.910714126952282186e+02
-9.854087250818349730e+02 -9.834111115431587677e+02
-1.004910917986179356e+03 -1.002941187001087428e+03
-1.024229604877672728e+03 -1.021134346723653607e+03
-1.004572656935969690e+03 -1.001244904934484111e+03
-9.979342124483339376e+02 -9.964110010424492430e+02
-1.019167141833670030e+03 -1.017693526379173363e+03
-1.000132541996924374e+03 -9.984547431187409074e+02
-9.990766366850375562e+02 -9.969312759679060036e+02
-1.005027587965941848e+03 -1.003253152757951057e+03
-1.014333762787037358e+03 -1.012158152162082160e+03
-1.027730303410208990e+03 -1.026237492504896409e+03
-1.023699276652355593e+03 -1.021417483587421657e+03
-1.006834559617369905e+03 -1.002380423593841215e+03
-9.929548745988804512e+02 -9.893700807441248344e+02
-1.005792684256039138e+03 -1.004155378828347011e+03
-1.014799015903903182e+03 -1.012346062121153864e+03
-9.930656305942266044e+02 -9.912486526319842142e+02
-1.027875262297568952e+03 -1.026155616720011267e+03
-1.009252307594551667e+03 -1.007165325481981654e+03
-1.004506439233784704e+03 -1.003203856323916625e+03
-1.019963533213033543e+03 -1.014881478744520109e+03
-1.010965745278444729e+03 -1.007982608633553355e+03
-1.022886415349551271e+03 -1.019014148795746678e+03
-1.016121975725210632e+03 -1.013965920180034345e+03
-1.008587601786356117e+03 -1.006676178008837041e+03
-1.001222146776740374e+03 -9.986717184008446111e+02
-1.016386543655778496e+03 -1.010041056067977934e+03
-9.937936316966336108e+02 -9.919745382948876795e+02
-1.010439879388182362e+03 -1.006223096610284983e+03
-1.003369029531835849e+03 -1.002031092587527610e+03
-9.930162513375978506e+02 -9.892420144509767397e+02
-1.007558294888564205e+03 -1.003645426975576584e+03
-1.028778725098063205e+03 -1.022683081531685730e+03
-9.982933718600493194e+02 -9.966729692927842734e+02
-9.930581941984748937e+02 -9.900567452134498581e+02
-1.015534435233583054e+03 -1.011227032910044954e+03
-1.013534024197906092e+03 -1.008603172848159602e+03
-1.021826037289634314e+03 -1.019296665947356814e+03
-1.018471419386120488e+03 -1.015945857597538861e+03
-9.917220593591287070e+02 -9.879674250726661739e+02
-9.927533850651286684e+02 -9.910331090864242469e+02
-9.996005478034094267e+02 -9.977000774664686560e+02
-1.008229543217412584e+03 -1.004907564605233119e+03
-9.703366397898264495e+02 -9.659177481136011920e+02
-1.011734312935247544e+03 -1.003640448292966084e+03
-9.808933177777903438e+02 -9.762718460608136866e+02
-1.010970619639499546e+03 -1.006857761505628332e+03
-1.000628780740106095e+03 -9.987486528825663754e+02
-1.003646012554064555e+03 -1.001562274091362951e+03
-1.012322661991965106e+03 -1.005356494810017239e+03
-1.009462948835843008e+03 -1.006127514814918641e+03
-1.003921459516366895e+03 -9.991452766188251644e+02
-1.002471293045488665e+03 -9.971003001508966008e+02
-9.954821420440664497e+02 -9.932745213582181805e+02
-9.958459809205398869e+02 -9.934030147519818001e+02
-1.019007924253333158e+03 -1.017549733960274352e+03
-1.019652611228626029e+03 -1.017606020063650476e+03
-1.002876553347655999e+03 -9.994607650315319916e+02
-1.014663035390102777e+03 -1.012562473426847419e+03
-1.026635863597037087e+03 -1.025821783566295380e+03
-1.028719775038837270e+03 -1.023661826702331382e+03
-1.018650674610754322e+03 -1.016702319262636138e+03
-1.002316196103599623e+03 -1.001227720581490530e+03
-1.016900522174273874e+03 -1.011900056915307914e+03
-1.000223674040139713e+03 -9.994677094863086495e+02
-9.862882411001487526e+02 -9.841126126759543240e+02
-9.873458456546611615e+02 -9.856178815900500467e+02
-1.020494324885740753e+03 -1.017607452186852242e+03
-1.008316173266508258e+03 -1.005999992244227542e+03
-9.903280164234270160e+02 -9.885581984343216391e+02
-1.028382903652725645e+03 -1.024843200376863479e+03
