4.741710633934872021e+00
4.732248076977157325e+00
8.495045550954728242e+00
2.301891403380977863e+00
9.790860885355868959e+00
3.043281673757519457e+00
4.043787489982150873e+00
7.573868079130079423e+00
3.052681211811432149e+00
4.304692185672138294e+00
2.803165105347943609e+00
2.838604373343059706e+00
5.508599757378306094e+00
5.568801280751813465e+00
8.035044010497131239e+00
7.187652288514527754e+00
4.844993814003828447e+00
8.146878564138205547e+00
8.758097360429928813e+00
4.273011295860214886e+00
6.053313748571326869e+00
7.963447709816136921e+00
4.256136676448022627e+00
1.168034873597025580e+01
7.218355783749302645e+00
2.918289992832342250e+00
1.930325857480056584e+00
4.976877931525905296e+00
6.446537337340487284e+00
3.995227077352410561e+00
3.939461970183856465e+00
6.190516308038240822e+00
6.655504002971156297e+00
3.046422811769389227e+00
2.947230908993333287e+00
3.355597756366933027e+00
4.290721434263105039e+00
3.548870415981582482e+00
4.351221249910395272e+00
2.985621810625161743e+00
4.563586129867871932e+00
8.908272047057380405e+00
7.169587709511233697e+00
3.274610855384253227e+00
4.905907565498637268e+00
3.633955924484780553e+00
3.439291155115370202e+00
4.173964225140025519e+00
2.605165819736157573e+00
1.016410893702686735e+01
5.966273289782748179e+00
7.744533107609186118e+00
4.312111090352573228e+00
3.822847555038151768e+00
5.100856751791525312e+00
1.269097517560112465e+01
3.638186803491862520e+00
8.433565555794757529e+00
2.675873888616479235e+00
7.548473773242221796e+00
7.825735825975243642e+00
1.219128713275495102e+01
3.240805134530091891e+00
6.002897970050071308e+00
8.614804647076198307e+00
9.861702699492980173e+00
5.058742684554999869e+00
5.051123577163252776e+00
7.509268572925066110e+00
3.440551957408843009e+00
3.800940673881541443e+00
6.643957224358928215e+00
8.837783352450514940e+00
1.618772928456291993e+01
9.242943433953314525e+00
8.225716267742427590e+00
3.760255715079438232e+00
4.167476925403207133e+00
1.393233436389573399e+01
6.670868041848734720e+00
9.552365795083460398e+00
1.074198578918412750e+01
4.415241371696538408e+00
4.885932337116173585e+00
2.916380586117611529e+00
4.093182329951105203e+00
6.831576632248015812e+00
4.201123926510717865e+00
1.628160061483413301e+00
1.011589667301177542e+01
3.896710696236368676e+00
2.176951044218185416e+00
1.000093051793191989e+01
1.511929107662126626e+00
4.351256848388857179e+00
3.455928129222229472e+00
5.773745397777020116e+00
4.632362044561432413e+00
3.539635978210753819e+00
7.079406551724332530e+00
3.499037827294023373e+01
