-1.207470017640657261e+03 -1.204546792434810868e+03
-1.206126733729902298e+03 -1.202434202331182405e+03
-1.198664509151881020e+03 -1.197148046006883760e+03
-1.201220698076489953e+03 -1.195712461928433186e+03
-1.201267372242580677e+03 -1.198601024676947873e+03
-1.204080130365337936e+03 -1.199935843128252600e+03
-1.196539430145524420e+03 -1.193120531117661130e+03
-1.234477747165741448e+03 -1.229378077719715975e+03
-1.189583783379854367e+03 -1.186986352447395120e+03
-1.221406499602753001e+03 -1.217568843426764943e+03
-1.218077484268286298e+03 -1.214890831406430607e+03
-1.232146941581075907e+03 -1.227780873504023248e+03
-1.205079289537231944e+03 -1.201480194984531863e+03
-1.189156879016184348e+03 -1.187222989387009420e+03
-1.213143826531748573e+03 -1.211556879141902527e+03
-1.193364373253955819e+03 -1.189323062950077883e+03
-1.222079586440911498e+03 -1.214023372538918466e+03
-1.186269261226937715e+03 -1.184628078955238834e+03
-1.219824065850534680e+03 -1.217010713505925878e+03
-1.196701052666486930e+03 -1.194506703329300080e+03
-1.185925558868634425e+03 -1.181467602477378023e+03
-1.197789276911013303e+03 -1.195875628435453791e+03
-1.235555870615248296e+03 -1.231019672416849744e+03
-1.217290525143228706e+03 -1.213799392104358958e+03
-1.182308483139663394e+03 -1.181316741280185170e+03
-1.203135040879030612e+03 -1.201696953827078914e+03
-1.200532595482858596e+03 -1.197938167370923793e+03
-1.174062111705880397e+03 -1.171300055758856388e+03
-1.208372472525099738e+03 -1.207054349359787693e+03
-1.198840284923996705e+03 -1.197969355723057788e+03
-1.225023609116359012e+03 -1.223566657378831678e+03
-1.215069838088096958e+03 -1.213303878675563737e+03
-1.208162297094226687e+03 -1.206173378539302576e+03
-1.210282433909133488e+03 -1.207460004849443521e+03
-1.225750275166642041e+03 -1.223664566392444840e+03
-1.218497359450545673e+03 -1.216151221385465760e+03
-1.194993319956579398e+03 -1.193003328470787892e+03
-1.195724614055993925e+03 -1.193710822416977180e+03
-1.208025469395365690e+03 -1.206212327356221749e+03
-1.195448378264795792e+03 -1.192352904706638355e+03
-1.193917491061279406e+03 -1.191454804000054992e+03
-1.190685232104418901e+03 -1.188404963449605702e+03
-1.214331258451447411e+03 -1.212243076575632131e+03
-1.216638748023576682e+03 -1.214838049223867301e+03
-1.233931040940221465e+03 -1.231242373246904208e+03
-1.222780314589246245e+03 -1.217420448624165829e+03
-1.183979810929420637e+03 -1.179898197384196010e+03
-1.220571312179191864e+03 -1.212934788597624220e+03
-1.202545929964349853e+03 -1.199564901151412187e+03
-1.218286187656268112e+03 -1.214406039172469946e+03
-1.190380539447585306e+03 -1.188320478830469710e+03
-1.226672592862493275e+03 -1.224241094287217265e+03
-1.212214367746705420e+03 -1.209381045985417359e+03
-1.205612679631567289e+03 -1.202103537278431077e+03
-1.201907146684773807e+03 -1.200741454480428501e+03
-1.214890515873270033e+03 -1.212537209748668602e+03
-1.194073856725159430e+03 -1.193615144181290134e+03
-1.211468236247454570e+03 -1.209300172946652310e+03
-1.204717925656146917e+03 -1.201914364407269886e+03
-1.199830713359649963e+03 -1.197158888298299871e+03
-1.222828080194980657e+03 -1.220575397120168418e+03
-1.220649366220799493e+03 -1.216114240325955734e+03
-1.198639995306117498e+03 -1.196215273870139072e+03
-1.206341331250494250e+03 -1.205084002380176344e+03
-1.186613260408536462e+03 -1.184148320591855281e+03
-1.193048538126983203e+03 -1.191774805985864987e+03
-1.189156557241789415e+03 -1.187448989595388866e+03
-1.207609276009558471e+03 -1.203921625720709699e+03
-1.223405537208590658e+03 -1.217450925321840941e+03
-1.196855684901032646e+03 -1.193649735116937109e+03
-1.211989598061251627e+03 -1.210033110458232841e+03
-1.199777818855694477e+03 -1.197153810882695780e+03
-1.231647665065075898e+03 -1.228456243968418903e+03
-1.206073045233540142e+03 -1.204432076250003547e+03
-1.190728487351726926e+03 -1.186950167086754846e+03
-1.219474998392190400e+03 -1.216011266518771890e+03
-1.187937190669047368e+03 -1.185888074124571403e+03
-1.216105302136217233e+03 -1.212562292372173943e+03
-1.199756626846413610e+03 -1.197429440446305534e+03
-1.204441342547364911e+03 -1.201046102442792971e+03
-1.224412926864516294e+03 -1.219469837343606514e+03
-1.190323302616062847e+03 -1.189354845550555865e+03
-1.201211743181517249e+03 -1.198866402577834378e+03
-1.213043087372155469e+03 -1.208109046253645829e+03
-1.197645774657113861e+03 -1.192669999457943504e+03
-1.203558724744039182e+03 -1.197246229441027936e+03
-1.201046547092313631e+03 -1.198184061196067205e+03
-1.203336066776563712e+03 -1.198586808848954888e+03
-1.210009266883387227e+03 -1.208991514265295109e+03
-1.209591966292413190e+03 -1.206993721062922987e+03
-1.196024769464114115e+03 -1.190728482911477386e+03
-1.226408970478650190e+03 -1.222524904917070444e+03
-1.201181814231493263e+03 -1.199797843448991443e+03
-1.214729438175676705e+03 -1.210163589942633735e+03
-1.194463114862837983e+03 -1.192360693139904242e+03
-1.211941025144791638e+03 -1.210243549853273180e+03
-1.211185930621514672e+03 -1.208613501792335683e+03
-1.207010239339480677e+03 -1.205769370648614995e+03
-1.213351659452988997e+03 -1.212567141475285553e+03
-1.230112940194748262e+03 -1.227740796352779853e+03
