5.846450411692785565e+00
7.385062797439786664e+00
3.032926289994520630e+00
1.101647229611353396e+01
5.332695131265609234e+00
8.288574474170673057e+00
6.837798055726580060e+00
1.019933889205094601e+01
5.194861864918493666e+00
7.675312351976117498e+00
6.373305723711382598e+00
8.732136154105319292e+00
7.198189105400160770e+00
3.867779258349855809e+00
3.173894779692091106e+00
8.082620607755870878e+00
1.611242780398606556e+01
3.282364543397761736e+00
5.626704689217604027e+00
4.388698674373699760e+00
8.915912782512805279e+00
3.827296951119024015e+00
9.072396396797103080e+00
6.982266077739495813e+00
1.983483718956449593e+00
2.876174103903395007e+00
5.188856223869606765e+00
5.524111894048019167e+00
2.636246330624089751e+00
1.741858401877834694e+00
2.913903475054667069e+00
3.531918825066441059e+00
3.977837109848223918e+00
5.644858119379932759e+00
4.171417548394401820e+00
4.692276130159825698e+00
3.979982971583012841e+00
4.027583278033489478e+00
3.626284078287881130e+00
6.190947116314873711e+00
4.925374122448829439e+00
4.560537309626397473e+00
4.176363751630560728e+00
3.601397599418760365e+00
5.377335386634513270e+00
1.071973193016083314e+01
8.163227090449254320e+00
1.527304716313528843e+01
5.962057625875331723e+00
7.760296967596332252e+00
4.120121234231191920e+00
4.862997150552018866e+00
5.666643522576123360e+00
7.018284706272424955e+00
2.331384408690610144e+00
4.706612249202862586e+00
9.174250877385929925e-01
4.336126601604519237e+00
5.607122497754062351e+00
5.343650122700182692e+00
4.505366149624478567e+00
9.070251789687517885e+00
4.849442871956853196e+00
2.514657740635811933e+00
4.929879633362361346e+00
2.547464282236433064e+00
3.415135292801096512e+00
7.375300577697544213e+00
1.190922377349943417e+01
6.411899568191074650e+00
3.912975206037572207e+00
5.248015945997394738e+00
6.382842193313990720e+00
3.281937967073190521e+00
7.556640529944161244e+00
6.927463746837020153e+00
4.098233088951928949e+00
7.086019528086580976e+00
4.654372800216151518e+00
6.790480209143879620e+00
9.886179041819559643e+00
1.936914131013963924e+00
4.690681207365742011e+00
9.868082237019280001e+00
9.951550398340714310e+00
1.262499060602249301e+01
5.724971792492851819e+00
9.498515855217647186e+00
2.035505236184235400e+00
5.196490458980406402e+00
1.059257310527345908e+01
7.768131123159491835e+00
2.767941565003638971e+00
9.131696466085941211e+00
4.204843445867481933e+00
3.394950583036916214e+00
5.144857658357977925e+00
2.481737381731363712e+00
1.569035955406889116e+00
4.744287683936818212e+00
4.706562229911196482e+01
