-3.886959240320079061e+03 -3.885467018258556436e+03
-3.891561219744307436e+03 -3.888726024157472693e+03
-3.871306246459908380e+03 -3.865391875136259387e+03
-3.833516045805989506e+03 -3.830575508855278258e+03
-3.866387949497644513e+03 -3.865344295101999251e+03
-3.853103064608336354e+03 -3.852278288548810906e+03
-3.869478988515149013e+03 -3.868070209318894285e+03
-3.887563662432265573e+03 -3.885170114503877812e+03
-3.850581037295117767e+03 -3.846195316314735919e+03
-3.824240112091458741e+03 -3.822752829365928847e+03
-3.849765047345685161e+03 -3.845115999072045270e+03
-3.876937205877744418e+03 -3.875350781612215997e+03
-3.826572542456607607e+03 -3.824457149118744383e+03
-3.834788037839235585e+03 -3.831905536529726760e+03
-3.874883217747244544e+03 -3.873646156925703963e+03
-3.783214855420349522e+03 -3.779861207264748373e+03
-3.857784428826051226e+03 -3.854445070067682991e+03
-3.861391253005129329e+03 -3.859672553774505104e+03
-3.876267561306522566e+03 -3.874613424312388361e+03
-3.878569187891769161e+03 -3.877233890427275128e+03
-3.856508338123755948e+03 -3.852678769119431763e+03
-3.870595438016493972e+03 -3.866838907614594973e+03
-3.828516459368338474e+03 -3.826641481532182297e+03
-3.904216868341892223e+03 -3.901943405275896112e+03
-3.874653128803526215e+03 -3.871574442686031489e+03
-3.833943517710023116e+03 -3.831652050962583871e+03
-3.841518927860710392e+03 -3.840359388194302937e+03
-3.857625532174290583e+03 -3.854231111691723072e+03
-3.870476807016329531e+03 -3.867110522270157617e+03
-3.863456147458653049e+03 -3.859501651869440138e+03
-3.819047324913820830e+03 -3.816556248671149660e+03
-3.858030123966146220e+03 -3.856286802792270464e+03
-3.854441645397877892e+03 -3.852819939407953370e+03
-3.854337641584381799e+03 -3.852550466536717522e+03
-3.847265202207048333e+03 -3.846329012053206952e+03
-3.864689104405734724e+03 -3.860762334236707375e+03
-3.850261505559547004e+03 -3.847825706341485784e+03
-3.820355947170233776e+03 -3.816428795219883341e+03
-3.871005364509371248e+03 -3.867874844971991024e+03
-3.879628046407615329e+03 -3.877911196281975208e+03
-3.872235212125921862e+03 -3.869833212210082820e+03
-3.848589615268410853e+03 -3.846349098770138426e+03
-3.891497559259299578e+03 -3.887719548168107394e+03
-3.873419631820776885e+03 -3.870689545116063982e+03
-3.844703668568484318e+03 -3.843025396257407010e+03
-3.858284431804859651e+03 -3.852963047157310484e+03
-3.877823660835508235e+03 -3.876419584727456368e+03
-3.887057854107571984e+03 -3.883837267301893917e+03
-3.879681557506718491e+03 -3.877467399319233664e+03
-3.827993719162132493e+03 -3.825326939524697536e+03
-3.856485500808228153e+03 -3.853395780739302154e+03
-3.856620873398997446e+03 -3.853531347278424619e+03
-3.899063750488271126e+03 -3.890771458544385496e+03
-3.878188453411309183e+03 -3.876674404211643377e+03
-3.883724195938471439e+03 -3.881694152452719209e+03
-3.864098602733991811e+03 -3.859741474096345428e+03
-3.862717593167628820e+03 -3.861600045928676082e+03
-3.797701037238696244e+03 -3.796435155762922022e+03
-3.842595506085408033e+03 -3.840826747394090944e+03
-3.847024060555604592e+03 -3.844058613204280391e+03
-3.804535536999260330e+03 -3.800905177860619460e+03
-3.839132461227154181e+03 -3.836601715388918365e+03
-3.848090732582441888e+03 -3.847372023659961542e+03
-3.868083941439708269e+03 -3.863475693324711756e+03
-3.885148138461732742e+03 -3.883289150269375114e+03
-3.850627514539557524e+03 -3.848817365915859682e+03
-3.884882491916848267e+03 -3.880809448861667079e+03
-3.832456486369058439e+03 -3.829091551127649836e+03
-3.851085143618072834e+03 -3.849639556044625351e+03
-3.833252830116063706e+03 -3.828972532143490298e+03
-3.861323041987428951e+03 -3.857496512032070768e+03
-3.853078964554343656e+03 -3.851025443588446706e+03
-3.851262823707177176e+03 -3.849139998578311861e+03
-3.865406746577168178e+03 -3.863303125471533804e+03
-3.872884569225445830e+03 -3.870392623721989821e+03
-3.838842809225989640e+03 -3.836252260214275793e+03
-3.875997953271801180e+03 -3.874870882706299653e+03
-3.864690599737967204e+03 -3.862238693064391100e+03
-3.842180724182503582e+03 -3.839712969993956449e+03
-3.854136532531474131e+03 -3.852275693351978134e+03
-3.861322640726461032e+03 -3.859958776796481743e+03
-3.842766634201752822e+03 -3.840822494578917485e+03
-3.864517798026548917e+03 -3.860780194452275737e+03
-3.845938007074234065e+03 -3.842616633899375756e+03
-3.850314558275647869e+03 -3.848998844941932475e+03
-3.844399460889766488e+03 -3.842561986806871573e+03
-3.832317591272942082e+03 -3.831477528174441431e+03
-3.888849591360045906e+03 -3.884910559796409416e+03
-3.865940189475988973e+03 -3.864146699556501972e+03
-3.905264049835890091e+03 -3.901461105682455582e+03
-3.852143561117824447e+03 -3.850447316325254178e+03
-3.852961237251835428e+03 -3.850819754155435930e+03
-3.864057948281786139e+03 -3.862268351429555423e+03
-3.901594427132211877e+03 -3.898850676091673904e+03
-3.860579798383741945e+03 -3.857055366535283156e+03
-3.853330980084256680e+03 -3.851827981950748381e+03
-3.852020117618528730e+03 -3.847368215994627917e+03
-3.873195222491305231e+03 -3.870902691777097061e+03
-3.875220661156327878e+03 -3.872106030513597943e+03
-3.874268043359580133e+03 -3.872377802884894209e+03
