2.984444123045250308e+00
5.670391173669486307e+00
1.182874264729798597e+01
5.881073901422496419e+00
2.087308791290524823e+00
1.649552119050895271e+00
2.817558392509454279e+00
4.787095856775522407e+00
8.771441960763695533e+00
2.974565451059788757e+00
9.298096547279783408e+00
3.172848531056843058e+00
4.230786675726449175e+00
5.765002619017650431e+00
2.474121643081161892e+00
6.707296311202298966e+00
6.678717516736469406e+00
3.437398461248449166e+00
3.308273988268410903e+00
2.670594928988066386e+00
7.659138008648369578e+00
7.513060803797998233e+00
3.749955672312353272e+00
4.546926131992222508e+00
6.157372234989452409e+00
4.582933494878489000e+00
2.319079332814908412e+00
6.788840965135022998e+00
6.732569492343827733e+00
7.908991178425822000e+00
4.982152485342339787e+00
3.486642347751512716e+00
3.243411979849042837e+00
3.574350095328554744e+00
1.872380307682760758e+00
7.853540338054699532e+00
4.871598436122440035e+00
7.854303900700870145e+00
6.261039074760446965e+00
3.433700251280242810e+00
4.803999831678083865e+00
4.481032996544854541e+00
7.556022182384367625e+00
5.460173409425806312e+00
3.356544622154615354e+00
1.064276929509833280e+01
2.808152216103735554e+00
6.441173611356134643e+00
4.428316374969654134e+00
5.333559274869912770e+00
6.179440137851997861e+00
6.179052241145654989e+00
1.658458388777125947e+01
3.028098399331611290e+00
4.060086971504460962e+00
8.714257275292766280e+00
2.235094477905477106e+00
2.531762951548444107e+00
3.537517382634177920e+00
5.930894702648402017e+00
7.260718277281739574e+00
5.061491676471632672e+00
1.437417844960691582e+00
9.216496229993026645e+00
3.717976384715257154e+00
3.620297247395683371e+00
8.146086110362375621e+00
6.729870482817204902e+00
2.891175146894966019e+00
8.560595945146815211e+00
7.653059910716365266e+00
4.107041931793901313e+00
4.245650257730630983e+00
4.207242211268749088e+00
4.983891006912017474e+00
5.181098023427693988e+00
2.254141131003052578e+00
4.903813347152208735e+00
4.935508377094265597e+00
3.721678358991994173e+00
2.727727859958577028e+00
3.888279245670673845e+00
7.475207148546360258e+00
6.642746349716617260e+00
2.631426667430787347e+00
3.674948165789828636e+00
1.680126197001300170e+00
7.878063127272980637e+00
3.586979838974002632e+00
7.605888306869019289e+00
3.392489585140538111e+00
4.282966192798994598e+00
3.579193704461431480e+00
5.487502081075945171e+00
7.048863696917578636e+00
3.005996267016598722e+00
9.303803247801624821e+00
4.585061428416338458e+00
6.229261285459870123e+00
3.780480949371849420e+00
5.889961142787797144e+00
