-1.975415531183287385e+03 -1.972985795406038960e+03
-2.000939412736262057e+03 -1.999081429346525056e+03
-1.971999483411955680e+03 -1.968423886291493545e+03
-1.973888932365684013e+03 -1.970744704641486805e+03
-1.985992891939053607e+03 -1.980244122432122367e+03
-1.960591221561184284e+03 -1.958228166053159839e+03
-2.001563708699387917e+03 -1.999085752129649791e+03
-1.970611724111868625e+03 -1.966306095334346082e+03
-1.961754631399200207e+03 -1.960485403865860007e+03
-1.984470964617649315e+03 -1.977671941532329129e+03
-1.997991644532325608e+03 -1.995909943295783705e+03
-2.003474706332372079e+03 -1.999427615885603245e+03
-1.956123344043544421e+03 -1.954272855560603602e+03
-1.942284727619531623e+03 -1.939144170507986473e+03
-1.965537862511124331e+03 -1.963942589246554235e+03
-1.973535122477519963e+03 -1.971580709972861314e+03
-1.982544606378347908e+03 -1.979911394343753727e+03
-2.018026967974200943e+03 -2.010851186283233801e+03
-1.992919039266176242e+03 -1.987948833932758589e+03
-2.012463143018329902e+03 -2.010305651679658695e+03
-2.033460444840321543e+03 -2.031153024197828472e+03
-1.946727778940929966e+03 -1.945364580872210354e+03
-2.003412330775513055e+03 -2.001668799337394830e+03
-2.044353777013549916e+03 -2.040017677723793440e+03
-1.998765165114760293e+03 -1.994890633795587746e+03
-1.974546350513048310e+03 -1.970219236202864522e+03
-2.006936213727257382e+03 -2.005214314073622063e+03
-1.930725109568525568e+03 -1.927954760190725210e+03
-1.988328535569286032e+03 -1.985209206893654482e+03
-1.957110054625238718e+03 -1.954886602060327732e+03
-2.001386333038831253e+03 -1.999048630379485985e+03
-1.979225768658098787e+03 -1.976214712059318572e+03
-2.003035064383233930e+03 -1.998393300216933312e+03
-2.003187334122349057e+03 -2.001549447004649664e+03
-2.007863085882149790e+03 -2.005191427542824840e+03
-1.990152700083902801e+03 -1.988370290075113189e+03
-1.994982603123726676e+03 -1.992241064739509966e+03
-1.977372483991246554e+03 -1.974717918198672123e+03
-1.978766610389433936e+03 -1.974602399385796616e+03
-2.050906951746434061e+03 -2.047938186968189257e+03
-1.972711168960844134e+03 -1.970368441900668131e+03
-1.981337955114448960e+03 -1.978973969961819876e+03
-2.006221805153779314e+03 -2.002920037026547561e+03
-1.969711770624264318e+03 -1.966565898783551802e+03
-1.959901323598035560e+03 -1.956963696618260656e+03
-1.982040124520885001e+03 -1.978592425230061053e+03
-2.006824113926058544e+03 -2.004383575983941682e+03
-1.994477641122493424e+03 -1.992174034542129903e+03
-2.000838011624221963e+03 -1.999519249353177656e+03
-1.991192630326190283e+03 -1.989115048588621903e+03
-2.038095644015579182e+03 -2.036231341901179803e+03
-2.000492867338024553e+03 -1.998710771616089005e+03
-1.966631502217469915e+03 -1.963286526753472572e+03
-2.003811205681297452e+03 -2.002635580645570371e+03
-2.040724229328549427e+03 -2.036866742553406311e+03
-1.990515950480529227e+03 -1.989559562792570887e+03
-1.978722971154862535e+03 -1.977282153669486888e+03
-1.970527124495145017e+03 -1.966906326999618614e+03
-2.017961324222672829e+03 -2.016258064109656971e+03
-2.031177688430791932e+03 -2.029920994924116258e+03
-1.996578277310079102e+03 -1.993943030936560262e+03
-2.030239844578918564e+03 -2.025731185506083420e+03
-1.998662684177347273e+03 -1.997123569067744029e+03
-1.956325922613255898e+03 -1.955179369391199998e+03
-1.996878323339716189e+03 -1.993140435946785146e+03
-2.004015777883359533e+03 -2.000100636582691095e+03
-1.964746907451146399e+03 -1.961573250499050118e+03
-1.981908850935588816e+03 -1.978529892075901444e+03
-2.016157727027346027e+03 -2.011384041926110058e+03
-1.987659863310792844e+03 -1.985172695126945200e+03
-2.044362043313218237e+03 -2.042899075838256067e+03
-1.992287060298585857e+03 -1.990794691530588352e+03
-2.012604067684264919e+03 -2.010567431670514907e+03
-1.976842593152714926e+03 -1.972861867582206742e+03
-2.009476628248788984e+03 -2.007208075462368924e+03
-1.979849421849927694e+03 -1.977461824027784587e+03
-2.003771345555608605e+03 -2.001315070988505795e+03
-2.044969516043473959e+03 -2.039274882774250727e+03
-1.984002652127000601e+03 -1.982224402367919083e+03
-1.955559053354645584e+03 -1.952723408039373226e+03
-1.972120921353316589e+03 -1.968599267995298760e+03
-1.964006368214958911e+03 -1.962165271995029798e+03
-2.024683009387510083e+03 -2.019278666262232491e+03
-1.988421001571842680e+03 -1.985431247448525937e+03
-1.940423943590298677e+03 -1.937727428432799570e+03
-1.935603912787435092e+03 -1.932900153774046885e+03
-2.017306325299078253e+03 -2.015610303073076466e+03
-2.015691402241665401e+03 -2.008388862289797089e+03
-1.978739977284615634e+03 -1.976167629261110051e+03
-1.996130960425131434e+03 -1.993928649702886105e+03
-1.969678507544784225e+03 -1.966687337685561943e+03
-1.990056193411403456e+03 -1.987466045523709909e+03
-2.009059994544777055e+03 -2.006847906151833740e+03
-1.966892320443576864e+03 -1.964618689801934124e+03
-2.018192876756291298e+03 -2.015437942694657067e+03
-2.010383058281168815e+03 -2.008775962454862565e+03
-1.982931754620691208e+03 -1.979002827932416039e+03
-2.018081600523084035e+03 -2.015669813093602897e+03
-1.979556696787956298e+03 -1.974703888003823977e+03
-2.008263243115588011e+03 -2.006987562768199950e+03
