4.859471554496849421e+00
3.715966779474001669e+00
7.151194240924269252e+00
6.288455448394415725e+00
1.149753901386247890e+01
4.726111016048889724e+00
4.955913139476251672e+00
8.611257555045085610e+00
2.538455066680398886e+00
1.359804617064037302e+01
4.163402473083806399e+00
8.094180893537668453e+00
3.700976965881636715e+00
6.281114223090298765e+00
3.190546529140192433e+00
3.908825009317297372e+00
5.266424069188360590e+00
1.435156338193428383e+01
9.940410666835305165e+00
4.314982677342413808e+00
4.614841284986141545e+00
2.726396137439223821e+00
3.487062876236450393e+00
8.672198579512951255e+00
7.749062638345094456e+00
8.654228620367575786e+00
3.443799307270637655e+00
5.540698755600715231e+00
6.238657351263100281e+00
4.446905129821971059e+00
4.675405318690536660e+00
6.022113197560429398e+00
9.283528332601235888e+00
3.275774235398785095e+00
5.343316678649898677e+00
3.564820017579222622e+00
5.483076768433420511e+00
5.309131585148861632e+00
8.328422007274639327e+00
5.937529556489607785e+00
4.685454120352005702e+00
4.727970305258168082e+00
6.603536254463506339e+00
6.291743681425032264e+00
5.875253959549809224e+00
6.895398581647896208e+00
4.881075884233723627e+00
4.607213160727042123e+00
2.637524542088613089e+00
4.155163475136760098e+00
3.728604228798758413e+00
3.564191443871095544e+00
6.689950927994686936e+00
2.351250071454160206e+00
7.714973550286231330e+00
1.912775375916680787e+00
2.881634970751292713e+00
7.241594991052807018e+00
3.406520226031716447e+00
2.513387013351348287e+00
5.270492747037678782e+00
9.017318145670287777e+00
3.078230219206488982e+00
2.293106444111799647e+00
7.475774785862085992e+00
7.830282601336875814e+00
6.347313904192560585e+00
6.757917719374745502e+00
9.547370202471938683e+00
4.974336367695286754e+00
2.925934949924339890e+00
2.984737535995009239e+00
4.073272027500024706e+00
7.961451141016368638e+00
4.537105572840118839e+00
4.775195644286213792e+00
4.912549134205619339e+00
1.138926653844646353e+01
3.556499518163036555e+00
5.671290630544717715e+00
7.043306716035658610e+00
3.682192439858226862e+00
1.080868625055518351e+01
5.979508246633486124e+00
5.393030314998213726e+00
5.407518026776415354e+00
3.392044452003574406e+00
1.460507990373662324e+01
5.144696047011166229e+00
4.404621444490658178e+00
5.982339718444563914e+00
5.180295775387094181e+00
4.424176785886629659e+00
4.547261283285479294e+00
5.509868123268461204e+00
3.214191652612498729e+00
7.857853376550337998e+00
4.823574858962274448e+00
9.705617568264642614e+00
2.551360694776121818e+00
3.664318736824989173e+02
